55.24 68.731 56.13 49.309 74.328 52.245 56.378 70.917 55.722 49.227 72.463 50.632 
57.364 71.65 54.776 57.441 67.783 51.027 52.063 73.395 46.183 59.263 68.263 49.69 
48.933 74.852 53.624 49.309 74.328 52.245 55.24 68.731 56.13 49.227 72.463 50.632 
52.393 75.486 47.451 52.063 73.395 46.183 53.412 75.816 46.754 59.263 68.263 49.69 
49.227 72.463 50.632 57.364 71.65 54.776 52.669 66.908 49.52 54.643 67.183 48.056 
52.669 66.908 49.52 57.364 71.65 54.776 57.441 67.783 51.027 54.643 67.183 48.056 
47.76 70.709 56.122 47.801 71.19 53.711 48.854 73.114 51.904 49.227 72.463 50.632 
55.24 68.731 56.13 49.994 65.655 52.677 47.76 70.709 56.122 47.801 71.19 53.711 
52.027 76.294 48.627 57.364 71.65 54.776 52.063 73.395 46.183 52.393 75.486 47.451 
56.378 70.917 55.722 49.309 74.328 52.245 57.364 71.65 54.776 49.227 72.463 50.632 
56.135 69.596 55.381 56.378 70.917 55.722 57.364 71.65 54.776 49.227 72.463 50.632 
48.854 73.114 51.904 48.933 74.852 53.624 55.24 68.731 56.13 49.227 72.463 50.632 
49.309 74.328 52.245 50.053 74.912 51.412 57.364 71.65 54.776 49.227 72.463 50.632 
55.24 68.731 56.13 56.378 70.917 55.722 56.135 69.596 55.381 49.227 72.463 50.632 
49.309 74.328 52.245 55.24 68.731 56.13 56.378 70.917 55.722 48.933 74.852 53.624 
55.918 71.438 56.77 56.378 70.917 55.722 55.24 68.731 56.13 48.933 74.852 53.624 
55.24 68.731 56.13 55.918 71.438 56.77 48.933 74.852 53.624 47.76 70.709 56.122 
48.933 74.852 53.624 55.918 71.438 56.77 53.378 71.802 60.078 47.76 70.709 56.122 
53.378 71.802 60.078 55.918 71.438 56.77 55.24 68.731 56.13 47.76 70.709 56.122 
47.801 71.19 53.711 55.24 68.731 56.13 49.994 65.655 52.677 49.227 72.463 50.632 
57.364 71.65 54.776 56.135 69.596 55.381 49.227 72.463 50.632 52.669 66.908 49.52 
48.854 73.114 51.904 55.24 68.731 56.13 47.76 70.709 56.122 49.227 72.463 50.632 
48.933 74.852 53.624 55.24 68.731 56.13 47.76 70.709 56.122 48.854 73.114 51.904 
47.76 70.709 56.122 55.24 68.731 56.13 47.801 71.19 53.711 49.227 72.463 50.632 
49.227 72.463 50.632 52.669 66.908 49.52 53.091 67.095 48.398 54.643 67.183 48.056 
49.227 72.463 50.632 50.053 74.912 51.412 57.364 71.65 54.776 52.027 76.294 48.627 
57.441 67.783 51.027 57.364 71.65 54.776 52.063 73.395 46.183 54.643 67.183 48.056 
52.393 75.486 47.451 53.412 75.816 46.754 57.364 71.65 54.776 59.263 68.263 49.69 
53.091 67.095 48.398 52.063 73.395 46.183 49.227 72.463 50.632 54.643 67.183 48.056 
49.227 72.463 50.632 55.24 68.731 56.13 49.994 65.655 52.677 52.669 66.908 49.52 
56.135 69.596 55.381 57.364 71.65 54.776 57.441 67.783 51.027 52.669 66.908 49.52 
57.441 67.783 51.027 55.24 68.731 56.13 56.135 69.596 55.381 52.669 66.908 49.52 
56.135 69.596 55.381 55.24 68.731 56.13 49.227 72.463 50.632 52.669 66.908 49.52 
59.263 68.263 49.69 53.412 75.816 46.754 57.364 71.65 54.776 60.791 70.29 50.714 
52.063 73.395 46.183 57.364 71.65 54.776 49.227 72.463 50.632 54.643 67.183 48.056 
57.364 71.65 54.776 49.227 72.463 50.632 52.027 76.294 48.627 52.063 73.395 46.183 
52.393 75.486 47.451 57.364 71.65 54.776 52.063 73.395 46.183 59.263 68.263 49.69 
52.063 73.395 46.183 57.441 67.783 51.027 54.643 67.183 48.056 59.263 68.263 49.69 
