40.167 52.51 54.77 42.405 53.259 51.733 40.6 53.138 53.431 45.102 58.243 58.006 
43.864 51.016 57.01 42.405 53.259 51.733 41.765 52.749 52.939 45.102 58.243 58.006 
40.167 52.51 54.77 43.864 51.016 57.01 41.765 52.749 52.939 45.102 58.243 58.006 
49.453 54.315 53.083 45.881 58.776 57.224 45.39 59.8 56.223 42.405 53.259 51.733 
49.453 54.315 53.083 47.457 61.224 53.476 45.39 59.8 56.223 49.985 60.146 53.136 
47.457 61.224 53.476 49.453 54.315 53.083 45.39 59.8 56.223 49.016 56.988 49.673 
42.405 53.259 51.733 49.453 54.315 53.083 45.881 58.776 57.224 43.385 51.364 54.662 
45.39 59.8 56.223 38.855 57.002 49.768 38.815 58.235 49.492 40.623 56.802 48.151 
45.39 59.8 56.223 47.457 61.224 53.476 42.405 53.259 51.733 40.623 56.802 48.151 
45.39 59.8 56.223 49.453 54.315 53.083 42.405 53.259 51.733 49.016 56.988 49.673 
42.405 53.259 51.733 49.453 54.315 53.083 47.952 55.178 48.004 49.016 56.988 49.673 
47.457 61.224 53.476 45.39 59.8 56.223 42.405 53.259 51.733 49.016 56.988 49.673 
43.864 51.016 57.01 45.881 58.776 57.224 42.405 53.259 51.733 45.102 58.243 58.006 
45.39 59.8 56.223 42.405 53.259 51.733 40.6 53.138 53.431 39.967 53.981 52.831 
43.385 51.364 54.662 49.453 54.315 53.083 45.881 58.776 57.224 43.864 51.016 57.01 
45.881 58.776 57.224 42.405 53.259 51.733 43.385 51.364 54.662 43.864 51.016 57.01 
39.967 53.981 52.831 45.39 59.8 56.223 42.405 53.259 51.733 37.965 56.413 50.845 
38.855 57.002 49.768 42.405 53.259 51.733 45.39 59.8 56.223 37.965 56.413 50.845 
41.765 52.749 52.939 42.405 53.259 51.733 40.167 52.51 54.77 45.102 58.243 58.006 
42.405 53.259 51.733 45.39 59.8 56.223 40.6 53.138 53.431 45.102 58.243 58.006 
40.167 52.51 54.77 43.37 55.733 61.201 43.864 51.016 57.01 45.102 58.243 58.006 
42.405 53.259 51.733 45.881 58.776 57.224 45.39 59.8 56.223 45.102 58.243 58.006 
49.016 56.988 49.673 47.457 61.224 53.476 49.453 54.315 53.083 49.985 60.146 53.136 
43.864 51.016 57.01 49.453 54.315 53.083 45.881 58.776 57.224 47.754 57.649 58.26 
42.405 53.259 51.733 38.855 57.002 49.768 45.39 59.8 56.223 40.623 56.802 48.151 
47.952 55.178 48.004 42.405 53.259 51.733 49.016 56.988 49.673 40.623 56.802 48.151 
47.605 62.858 51.691 47.457 61.224 53.476 45.39 59.8 56.223 40.623 56.802 48.151 
47.605 62.858 51.691 48.104 61.672 52.571 47.457 61.224 53.476 40.623 56.802 48.151 
47.457 61.224 53.476 48.104 61.672 52.571 49.016 56.988 49.673 40.623 56.802 48.151 
47.605 62.858 51.691 45.39 59.8 56.223 38.815 58.235 49.492 40.623 56.802 48.151 
42.405 53.259 51.733 47.457 61.224 53.476 49.016 56.988 49.673 40.623 56.802 48.151 
40.623 56.802 48.151 48.104 61.672 52.571 49.016 56.988 49.673 48.986 57.333 48.484 
40.623 56.802 48.151 47.605 62.858 51.691 48.104 61.672 52.571 48.986 57.333 48.484 
49.016 56.988 49.673 47.952 55.178 48.004 40.623 56.802 48.151 48.986 57.333 48.484 
48.986 57.333 48.484 47.952 55.178 48.004 40.623 56.802 48.151 48.411 56.518 47.627 
48.411 56.518 47.627 47.952 55.178 48.004 40.623 56.802 48.151 47.795 57.641 44.703 
40.623 56.802 48.151 47.952 55.178 48.004 40.634 55.955 46.845 47.795 57.641 44.703 
