51.709 76.121 39.213 51.423 75.956 40.395 51.413 73.534 39.986 59.443 72.265 39.037 
59.443 72.265 39.037 58.48 71.54 39.243 51.413 73.534 39.986 58.986 72.441 36.585 
51.413 73.534 39.986 51.709 76.121 39.213 59.443 72.265 39.037 58.986 72.441 36.585 
60.411 72.55 40.084 51.413 73.534 39.986 51.423 75.956 40.395 59.443 72.265 39.037 
53.412 75.816 46.754 55.795 69.296 43.01 51.413 73.534 39.986 60.411 72.55 40.084 
51.413 73.534 39.986 51.339 73.266 43.837 55.795 69.296 43.01 52.063 73.395 46.183 
51.339 73.266 43.837 51.413 73.534 39.986 51.168 74.692 40.807 51.327 77.227 41.272 
51.327 77.227 41.272 53.412 75.816 46.754 60.411 72.55 40.084 61.311 77.571 38.955 
51.413 73.534 39.986 51.423 75.956 40.395 51.327 77.227 41.272 53.412 75.816 46.754 
52.063 73.395 46.183 51.413 73.534 39.986 51.339 73.266 43.837 53.412 75.816 46.754 
51.339 73.266 43.837 51.327 77.227 41.272 52.063 73.395 46.183 53.412 75.816 46.754 
51.327 77.227 41.272 51.339 73.266 43.837 51.413 73.534 39.986 53.412 75.816 46.754 
55.795 69.296 43.01 51.413 73.534 39.986 52.063 73.395 46.183 53.412 75.816 46.754 
53.412 75.816 46.754 51.413 73.534 39.986 51.423 75.956 40.395 60.411 72.55 40.084 
58.48 71.54 39.243 51.413 73.534 39.986 60.411 72.55 40.084 59.443 72.265 39.037 
51.413 73.534 39.986 55.795 69.296 43.01 58.48 71.54 39.243 60.411 72.55 40.084 
53.412 75.816 46.754 51.423 75.956 40.395 51.327 77.227 41.272 60.411 72.55 40.084 
51.423 75.956 40.395 60.411 72.55 40.084 59.443 72.265 39.037 61.311 77.571 38.955 
60.411 72.55 40.084 51.423 75.956 40.395 51.327 77.227 41.272 61.311 77.571 38.955 
59.443 72.265 39.037 51.709 76.121 39.213 51.423 75.956 40.395 61.311 77.571 38.955 
51.327 77.227 41.272 51.423 75.956 40.395 51.709 76.121 39.213 61.311 77.571 38.955 
52.276 75.871 35.676 51.709 76.121 39.213 51.413 73.534 39.986 58.986 72.441 36.585 
58.986 72.441 36.585 51.709 76.121 39.213 59.443 72.265 39.037 60.668 75.539 37.731 
61.311 77.571 38.955 59.443 72.265 39.037 51.709 76.121 39.213 60.668 75.539 37.731 
58.986 72.441 36.585 52.276 75.871 35.676 51.709 76.121 39.213 60.668 75.539 37.731 
