80.533 57.05 42.346 79.484 55.479 40.271 80.707 55.531 40.337 76.765 51.942 46.47 
75.871 56.833 40.177 74.024 50.419 42.755 79.484 55.479 40.271 76.765 51.942 46.47 
84.945 53.033 42.313 77.05 50.383 46.231 78.17 48.445 47.2 76.765 51.942 46.47 
80.533 57.05 42.346 79.147 53.278 50.808 77.429 54.734 49.203 76.765 51.942 46.47 
80.707 55.531 40.337 84.945 53.033 42.313 83.488 54.89 42.103 76.765 51.942 46.47 
80.533 57.05 42.346 80.707 55.531 40.337 83.488 54.89 42.103 76.765 51.942 46.47 
80.707 55.531 40.337 79.484 55.479 40.271 77.279 48.474 42.067 76.765 51.942 46.47 
78.17 48.445 47.2 77.732 49.821 47.24 84.945 53.033 42.313 76.765 51.942 46.47 
77.279 48.474 42.067 84.945 53.033 42.313 81.577 54.874 39.339 80.707 55.531 40.337 
81.223 56.153 41.401 80.707 55.531 40.337 83.488 54.89 42.103 80.533 57.05 42.346 
83.488 54.89 42.103 79.147 53.278 50.808 80.533 57.05 42.346 76.765 51.942 46.47 
80.707 55.531 40.337 77.279 48.474 42.067 84.945 53.033 42.313 76.765 51.942 46.47 
84.945 53.033 42.313 77.279 48.474 42.067 77.05 50.383 46.231 76.765 51.942 46.47 
79.484 55.479 40.271 75.119 49.627 42.01 77.279 48.474 42.067 76.765 51.942 46.47 
79.484 55.479 40.271 74.024 50.419 42.755 75.119 49.627 42.01 76.765 51.942 46.47 
