48.346 73.923 43.381 48.614 72.786 44.362 41.019 72.055 40.66 41.985 71.427 40.155 
41.019 72.055 40.66 48.355 73.713 42.14 48.346 73.923 43.381 41.985 71.427 40.155 
41.019 72.055 40.66 48.614 72.786 44.362 46.632 74.12 48.38 40.337 70.124 42.042 
41.985 71.427 40.155 48.614 72.786 44.362 41.019 72.055 40.66 40.337 70.124 42.042 
41.019 72.055 40.66 39.079 73.387 43.632 38.609 75.682 44.072 40.573 73.413 40.087 
41.019 72.055 40.66 46.632 74.12 48.38 39.079 73.387 43.632 40.337 70.124 42.042 
46.632 74.12 48.38 38.609 75.682 44.072 47.419 75.566 46.659 47.959 76.348 43.077 
48.346 73.923 43.381 46.632 74.12 48.38 48.217 75.176 43.93 47.959 76.348 43.077 
38.609 75.682 44.072 46.632 74.12 48.38 39.079 73.387 43.632 47.959 76.348 43.077 
39.079 73.387 43.632 46.632 74.12 48.38 48.346 73.923 43.381 47.959 76.348 43.077 
47.959 76.348 43.077 48.355 73.713 42.14 41.019 72.055 40.66 40.573 73.413 40.087 
46.632 74.12 48.38 39.079 73.387 43.632 48.346 73.923 43.381 41.019 72.055 40.66 
48.614 72.786 44.362 46.632 74.12 48.38 48.346 73.923 43.381 41.019 72.055 40.66 
48.355 73.713 42.14 48.346 73.923 43.381 47.959 76.348 43.077 41.019 72.055 40.66 
48.346 73.923 43.381 39.079 73.387 43.632 47.959 76.348 43.077 41.019 72.055 40.66 
39.079 73.387 43.632 38.609 75.682 44.072 47.959 76.348 43.077 41.019 72.055 40.66 
41.985 71.427 40.155 41.019 72.055 40.66 48.355 73.713 42.14 40.573 73.413 40.087 
41.019 72.055 40.66 38.609 75.682 44.072 47.959 76.348 43.077 40.573 73.413 40.087 
