56.451 40.369 44.888 58.459 39.036 48.683 55.367 36.664 44.628 63.379 38.74 42.43 
56.977 37.392 49.919 55.824 36.464 50.06 57.269 38.071 48.722 63.027 32.904 43.445 
63.379 38.74 42.43 55.367 36.664 44.628 55.878 39.08 44.268 62.378 37.432 40.589 
55.367 36.664 44.628 63.379 38.74 42.43 63.021 37.474 41.769 62.378 37.432 40.589 
61.248 37.675 52.529 55.824 36.464 50.06 56.977 37.392 49.919 63.027 32.904 43.445 
56.451 40.369 44.888 55.367 36.664 44.628 55.878 39.08 44.268 63.379 38.74 42.43 
57.269 38.071 48.722 55.367 36.664 44.628 58.459 39.036 48.683 63.027 32.904 43.445 
58.858 37.359 52.015 55.824 36.464 50.06 56.977 37.392 49.919 61.248 37.675 52.529 
56.977 37.392 49.919 58.459 39.036 48.683 58.858 37.359 52.015 61.248 37.675 52.529 
56.977 37.392 49.919 57.269 38.071 48.722 58.459 39.036 48.683 61.248 37.675 52.529 
63.379 38.74 42.43 58.459 39.036 48.683 55.367 36.664 44.628 63.027 32.904 43.445 
63.379 38.74 42.43 55.367 36.664 44.628 63.021 37.474 41.769 63.027 32.904 43.445 
61.248 37.675 52.529 57.269 38.071 48.722 58.459 39.036 48.683 63.027 32.904 43.445 
61.248 37.675 52.529 56.977 37.392 49.919 57.269 38.071 48.722 63.027 32.904 43.445 
61.248 37.675 52.529 58.858 37.359 52.015 55.824 36.464 50.06 63.027 32.904 43.445 
