65.176 41.097 81.514 62.767 37.409 86.698 62.425 40.464 84.69 65.307 37.374 78.203 
62.767 37.409 86.698 61.019 40.634 84.556 62.425 40.464 84.69 65.307 37.374 78.203 
61.019 40.634 84.556 65.176 41.097 81.514 62.425 40.464 84.69 65.307 37.374 78.203 
61.019 40.634 84.556 59.874 41.177 82.521 65.176 41.097 81.514 65.307 37.374 78.203 
65.07 40.633 83.852 62.767 37.409 86.698 62.425 40.464 84.69 65.176 41.097 81.514 
61.019 40.634 84.556 57.547 37.785 82.792 59.874 41.177 82.521 65.307 37.374 78.203 
62.767 37.409 86.698 61.019 40.634 84.556 57.547 37.785 82.792 60.707 35.663 85.944 
61.019 40.634 84.556 62.767 37.409 86.698 60.408 36.784 86.383 60.707 35.663 85.944 
57.547 37.785 82.792 61.019 40.634 84.556 60.408 36.784 86.383 60.707 35.663 85.944 
57.547 37.785 82.792 62.767 37.409 86.698 60.707 35.663 85.944 65.307 37.374 78.203 
61.019 40.634 84.556 62.767 37.409 86.698 57.547 37.785 82.792 65.307 37.374 78.203 
65.176 41.097 81.514 65.07 40.633 83.852 62.767 37.409 86.698 65.307 37.374 78.203 
65.307 37.374 78.203 65.176 41.097 81.514 65.07 40.633 83.852 66.386 35.892 79.646 
65.307 37.374 78.203 65.07 40.633 83.852 62.767 37.409 86.698 66.386 35.892 79.646 
65.307 37.374 78.203 62.767 37.409 86.698 60.707 35.663 85.944 66.386 35.892 79.646 
