5.220794547614134729e+01
5.220794547614134729e+01
5.210794509496152216e+01
5.201645033137252483e+01
5.191662312602976925e+01
5.181662306170809984e+01
5.171662238044208948e+01
5.161662404619328015e+01
5.151662349343012437e+01
5.145877570348572050e+01
5.139506535076966998e+01
5.129506500816137304e+01
5.119506466555307611e+01
5.109506592372304112e+01
5.099506558111474419e+01
5.089506523850644726e+01
5.079506552761480975e+01
5.069506505859294521e+01
5.059506471598464827e+01
5.052038163838702900e+01
5.042038076423688153e+01
5.032038198994202816e+01
5.022038111579188069e+01
5.012038252506162195e+01
5.002038165091147448e+01
4.994270328063507236e+01
4.984270385033285322e+01
4.974270314959128569e+01
4.964270371928906656e+01
4.954270301854749903e+01
4.944270358824527989e+01
4.934270263630676112e+01
4.930678743612677550e+01
4.920678752511523157e+01
4.910678753670565300e+01
4.900678762569410907e+01
4.891883937419024875e+01
4.883409682944355268e+01
4.879853341760410501e+01
4.869853385788127298e+01
4.859853391562288039e+01
4.849853274791926339e+01
4.839853318819643135e+01
4.829853343720591852e+01
4.819853387748308648e+01
4.809853336657436529e+01
4.803488325093626088e+01
4.793488266284398236e+01
4.783488373560219031e+01
4.773488314750991179e+01
4.765482549321115613e+01
4.755482564642820620e+01
4.745482530235221930e+01
4.735482545556926937e+01
4.725482560878631944e+01
4.720869673019073787e+01
4.710869672408693987e+01
4.700869648970905246e+01
4.690869648360525446e+01
4.680869702627384044e+01
4.670869679189595303e+01
4.663106459777026203e+01
4.653106452593616638e+01
4.643106445410207073e+01
4.633106438226797508e+01
4.626181650472771878e+01
4.616181622547739494e+01
4.610556678823316901e+01
4.600556711120979969e+01
4.590556743418643038e+01
4.588756216395953658e+01
4.578756197759910407e+01
4.568756189334132500e+01
4.558756170698089250e+01
4.548756251837856013e+01
4.538756233201812762e+01
4.528756214565769511e+01
4.518756206139991605e+01
4.515566908415844694e+01
4.507349021564952096e+01
4.497349027742807692e+01
4.487348997426322939e+01
4.477938094964453342e+01
4.472909821581476564e+01
4.462909804292298332e+01
4.452909829892615079e+01
4.442909812603436848e+01
4.441201553812797442e+01
4.431201546416566117e+01
4.421201554596341765e+01
4.411605171723176966e+01
4.408977210746384401e+01
4.398977196072051754e+01
4.388977181033266106e+01
4.378977197887086703e+01
4.368977182629628686e+01
4.365052906944373490e+01
4.355052901485904471e+01
4.345052908827693727e+01
4.335052903369224708e+01
4.325052908419057474e+01
4.315052905252542814e+01
4.305052912594332071e+01
4.295052904843907982e+01
4.291878613130666054e+01
4.284847888892496570e+01
4.274847831904036610e+01
4.266911015735202284e+01
4.256911004036013679e+01
4.246910992336825075e+01
4.236911039260130707e+01
4.227351736240969160e+01
4.217351679934422037e+01
4.212275117097569677e+01
4.202275065659187447e+01
4.192275144884047222e+01
4.188792379832990775e+01
4.178792310284944733e+01
4.168842236918242605e+01
4.158842242032216063e+01
4.148842289892532875e+01
4.138842295006506333e+01
4.128842293235582872e+01
4.127005195206744048e+01
4.117005135063799770e+01
4.113681708472014265e+01
4.103681694449780082e+01
4.102616672338619708e+01
4.092616684483796519e+01
4.082616696628973330e+01
4.078701376932747991e+01
4.068701348842479604e+01
4.058701445835448851e+01
4.048701358792727234e+01
4.038701330702458847e+01
4.028701427695428094e+01
4.019292016621702857e+01
4.009291941626277378e+01
3.999292073483277221e+01
3.989291983612648806e+01
3.979292032342901564e+01
3.969292040473195016e+01
3.964677695316276385e+01
3.957503329033399808e+01
3.947503398221520143e+01
3.937503262442959340e+01
3.927503331631079675e+01
3.917503332218930723e+01
3.907503401407051058e+01
3.897503265628490254e+01
3.887503334816610590e+01
3.884917993306544304e+01
3.874918012127508149e+01
3.865131119020468731e+01
3.858573796572022729e+01
3.848573774382285251e+01
3.838573770240537186e+01
3.828573748050799708e+01
3.818573855506446790e+01
3.808573721720760830e+01
3.798573829176407912e+01
3.788573806986670434e+01
3.778573914442317516e+01
3.768573770110533161e+01
3.766441722155953187e+01
3.756441632248149176e+01
3.752614142677169440e+01
3.742614135563904654e+01
3.732614128450639868e+01
3.722614228037967621e+01
3.712614223456620977e+01
3.702614216343356190e+01
3.692821770128719550e+01
3.682821797991815060e+01
3.679362891566601235e+01
3.669362925518782959e+01
3.668642021584471280e+01
3.658642105120890164e+01
3.648642059154995820e+01
3.643175443074807873e+01
3.635785355461528212e+01
3.625785421437178258e+01
3.616053145032719129e+01
3.606053222019700399e+01
3.596053062207983686e+01
3.586053139194964956e+01
3.581287480203186391e+01
3.571287521299475287e+01
3.561287554696266255e+01
3.551287447125226748e+01
3.541287480522017717e+01
3.531287521618306613e+01
3.521287555015097581e+01
3.511969001373496013e+01
3.501969060410880275e+01
3.493702864243046946e+01
3.483702852708618991e+01
3.473702925355998872e+01
3.463702913821570917e+01
3.453702889773057905e+01
3.443702878238629950e+01
3.433702950886009830e+01
3.423702808940137032e+01
3.413702784891624020e+01
3.403702870053209750e+01
3.396233814572056531e+01
3.386233767502979219e+01
3.376233825143058453e+01
3.366646935171417709e+01
3.356646914974975715e+01
3.346647008140185875e+01
3.336646987943743881e+01
3.326646865551749244e+01
3.321008354596374090e+01
3.311008377722809115e+01
3.301008272555652212e+01
3.291008422115675813e+01
3.281008341478158741e+01
3.273966776961236747e+01
3.263966806886276828e+01
3.253966813559928539e+01
3.243966843484968621e+01
3.233966743343627570e+01
3.227790784938864022e+01
3.217790744805449066e+01
3.207790813602370861e+01
3.207645593583683308e+01
3.197645625360005539e+01
3.195968501101338077e+01
3.185968515897695497e+01
3.175968530694052916e+01
3.165968566302998610e+01
3.161447792835895854e+01
3.151447702076357871e+01
3.147493599455853186e+01
3.137493632302199131e+01
3.127493559703757953e+01
3.120529323945518740e+01
3.110529240118543726e+01
3.100529317347452363e+01
3.096027511487677586e+01
3.086027587014908491e+01
3.084209473061305573e+01
3.074209526507340584e+01
3.064209418685283026e+01
3.063214538306698032e+01
3.053873498214933235e+01
3.043873427460479419e+01
3.033873583943682206e+01
3.023873513189228390e+01
3.022205030427839745e+01
3.012204946629513458e+01
3.010826246738983514e+01
3.000826248494085746e+01
2.990826212163822007e+01
2.980826213918924239e+01
2.970826215674026471e+01
2.960826331442235215e+01
2.950826257538678732e+01
2.940826182856032034e+01
2.936002561272630373e+01
2.926002570555624160e+01
2.916002579838617947e+01
2.911401375548595638e+01
2.901401437942632455e+01
2.891401310035985617e+01
2.882024426163455288e+01
2.872024427031799831e+01
2.862024423498304415e+01
2.852024424366648958e+01
2.846161650577191793e+01
2.836161708310949692e+01
2.835407427547733406e+01
2.825407461962394606e+01
2.815407369887284617e+01
2.805407468396737158e+01
2.795407502811398359e+01
2.794234099989916942e+01
2.784234142909864218e+01
2.774234070300395416e+01
2.770762783138745178e+01
2.760762724017448733e+01
2.757943900603788734e+01
2.747943842862756014e+01
2.737943918718316993e+01
2.727943860977284274e+01
2.717943944031666703e+01
2.707943879091914141e+01
2.707524276023415410e+01
2.697524349793489407e+01
2.696814796476083131e+01
2.686814778000970350e+01
2.684051157416058686e+01
2.674051108879973171e+01
2.664051200040184142e+01
2.654051151504098627e+01
2.646464708659148712e+01
2.638281817121039197e+01
2.628281773411164934e+01
2.626652930996265667e+01
2.616652970074491691e+01
2.612825917077849169e+01
2.602825933129311053e+01
2.592825937719308982e+01
2.582825953770770866e+01
2.572825958373160660e+01
2.562825879229476911e+01
2.552825883819474839e+01
2.542825899870936723e+01
2.534981002583363718e+01
2.524981005603118334e+01
2.514981008622872949e+01
2.504981011642627564e+01
2.494981042509338209e+01
2.484981045529092825e+01
2.480537131393469963e+01
2.470537157171998288e+01
2.460537125571545758e+01
2.460176711363785529e+01
2.450176717170233331e+01
2.440176656618310247e+01
2.438890391255689849e+01
2.428890370682263367e+01
2.418890358293479892e+01
2.408890337720053409e+01
2.408879038691554086e+01
2.398879070712872164e+01
2.388879028850628572e+01
2.387301221914544769e+01
2.377301272378672437e+01
2.367301155295789172e+01
2.357301205759916840e+01
2.353730599574866744e+01
2.343730621731323538e+01
2.333730549494858764e+01
2.331498228630819014e+01
2.321498215537518917e+01
2.311498238280714901e+01
2.301498225187414803e+01
2.291498278748842665e+01
2.281498265655542568e+01
2.271498221744216295e+01
2.262084140070468052e+01
2.252084094919505830e+01
2.243241952785035309e+01
2.234305576915669533e+01
2.224421590235447610e+01
2.214421598290736171e+01
2.204421606346024731e+01
2.194421614401313292e+01
2.188302462325259157e+01
2.178302424035951290e+01
2.168302495014765796e+01
2.159302929191727571e+01
2.149302926568977057e+01
2.139302934558781999e+01
2.129302931936031484e+01
2.122705025697289116e+01
2.112705003972103768e+01
2.102704995705600766e+01
2.092705062567559082e+01
2.091282815905412207e+01
2.081282834823151973e+01
2.071282808830172684e+01
2.061282800627220624e+01
2.051370007333046885e+01
2.041369984537274718e+01
2.031370046578084398e+01
2.021370023782312231e+01
2.011370012155684250e+01
2.006923871049929886e+01
1.996923899297401661e+01
1.986923844787785498e+01
1.976923873035257273e+01
1.974445227656666901e+01
1.964445198511387858e+01
1.954445209236500602e+01
1.944445180091221559e+01
1.934445227807865919e+01
1.932784262641061090e+01
1.922784331859650209e+01
1.912784211523656808e+01
1.902784280742245926e+01
1.892784277150542849e+01
1.888390518059630097e+01
1.878390538761915707e+01
1.875190071237408773e+01
1.865190055127433055e+01
1.858099652242104582e+01
1.853364351339038762e+01
1.843364333968505520e+01
1.833364389220806956e+01
1.823364324623590349e+01
1.821738886346012620e+01
1.811738855577744900e+01
1.801738915000558094e+01
1.793080467070630846e+01
1.783080455322471991e+01
1.775831961804340509e+01
1.765831909577543968e+01
1.755832011565507500e+01
1.745831959338710959e+01
1.741218312618751085e+01
1.731218323223696842e+01
1.721218339918740980e+01
1.711218350523686738e+01
1.701218257932329792e+01
1.697388933083476914e+01
1.688576443254950377e+01
1.678576445731281908e+01
1.668576446669771229e+01
1.658576449146102760e+01
1.655023789589354877e+01
1.645023790614246195e+01
1.644115841259980826e+01
1.634115815960034723e+01
1.624115807748442464e+01
1.614115805353634059e+01
1.604115780053687956e+01
1.594115771842095697e+01
1.584115746542149772e+01
1.574115916219721178e+01
1.564115908008128741e+01
1.554115882708182816e+01
1.544115874496590379e+01
1.539252129097044630e+01
1.529252190243701826e+01
1.519252091037653329e+01
1.509252122818863917e+01
1.507421269005068076e+01
1.497421296349750364e+01
1.487421212807444881e+01
1.477421240152127169e+01
1.467421313195054822e+01
1.458508314770791436e+01
1.448508248503185136e+01
1.438754288163566386e+01
1.428754320656572574e+01
1.418754234262570613e+01
1.408754296708448983e+01
1.403099308653515642e+01
1.393099227960178865e+01
1.383099302317790880e+01
1.373099221624454103e+01
1.363099335597413564e+01
1.358718938153740474e+01
1.348718962141014366e+01
1.340250271961753370e+01
1.330250245227879091e+01
1.320250262697814136e+01
1.310250303378917280e+01
1.300250248222199367e+01
1.290250294115184460e+01
1.280250238958466547e+01
1.270250284851451639e+01
1.266799235816482394e+01
1.256799250798831835e+01
1.246799197589672481e+01
1.236799212572021922e+01
1.226799227554371363e+01
1.216799271411898253e+01
1.207053857867950697e+01
1.197053874527865780e+01
1.187053872218095130e+01
1.177053844925337778e+01
1.175705648843931428e+01
1.165705641168144702e+01
1.155705657809414966e+01
1.145705604549437950e+01
1.135705621190708214e+01
1.129250151541653224e+01
1.119250177227526422e+01
1.109250111225036228e+01
1.105968115606848379e+01
1.095968085370974698e+01
1.085968122897483212e+01
1.084775623020360946e+01
1.074775599725732178e+01
1.064775646064485493e+01
1.054775622769856724e+01
1.044775628186699556e+01
1.034775604892070788e+01
1.024775651230824103e+01
1.022598172869814981e+01
1.014451686224717264e+01
1.004451704665880740e+01
9.944517231070442165e+00
9.844516618767560345e+00
9.744516803179195108e+00
9.644516987590829871e+00
9.544517172002464633e+00
9.444516559699582814e+00
9.344516744111217577e+00
9.248286095937665152e+00
9.201010972404802146e+00
9.101011317583694193e+00
9.001010520924976888e+00
8.973859857819027397e+00
8.873859975774921693e+00
8.773860099337856155e+00
8.673860217293750452e+00
8.573859400465160263e+00
8.521690637038028981e+00
8.421690334806621436e+00
8.321690777392779736e+00
8.221690475161372191e+00
8.121690807383046717e+00
8.021690505151639172e+00
7.921690202920230739e+00
7.821691390320407500e+00
7.806462081073824777e+00
7.706462047207703669e+00
7.606462013341582562e+00
7.506461979475461455e+00
7.406461945609340347e+00
7.306461911743219240e+00
7.206461859166242157e+00
7.106461825300121049e+00
7.006461791433999942e+00
6.906461757567878834e+00
6.806461723701757727e+00
6.706461689835636619e+00
6.606461655969515512e+00
6.598939962973359386e+00
6.498939874992336385e+00
6.398940093410899088e+00
6.298940005429876088e+00
6.198939917448853087e+00
6.098939898721267738e+00
5.998939929313237940e+00
5.931834422937586559e+00
5.831834391399771000e+00
5.731834439551817262e+00
5.689849775281970778e+00
5.589849779338291746e+00
5.489849783394612714e+00
5.389849787450933682e+00
5.289849791507254650e+00
5.189849638765739570e+00
5.089849642822060538e+00
4.989849786090290173e+00
4.931911543857354197e+00
4.831911485247144533e+00
4.731911515911874311e+00
4.684289313657581388e+00
4.584289226936705042e+00
4.484289332105586112e+00
4.384289216254365407e+00
4.312524695998490643e+00
4.278711633315888108e+00
4.178711731679165098e+00
4.078711836981761429e+00
3.978711938814697646e+00
3.878711349306017464e+00
3.778711447669294454e+00
3.678711559911209683e+00
3.578711644395847991e+00
3.478711756637763219e+00
3.443360547399563210e+00
3.343360792681802085e+00
3.308013986474051205e+00
3.208013400519054592e+00
3.108014392003909165e+00
3.048686918152320402e+00
2.948687433196846897e+00
2.848686658274881989e+00
2.748687161663446510e+00
2.648685986308511264e+00
2.641050132161137931e+00
2.541049475022654214e+00
2.441050438098080200e+00
2.341049780959596482e+00
2.241050247315488519e+00
2.141049590177004802e+00
2.041050546393584852e+00
1.964261950353924924e+00
1.882255389021986414e+00
1.782255462141737912e+00
1.778187113340552461e+00
1.678186842482073837e+00
1.578186670281311876e+00
1.478187435467188671e+00
1.378187263266426710e+00
1.278186992407948086e+00
1.180805374301432842e+00
1.080805994404562487e+00
1.025285716220076804e+00
9.252861915254566583e-01
8.252856040141143268e-01
7.252862155670884992e-01
6.252856280557461677e-01
5.252860058497330620e-01
4.252854183383907305e-01
4.241760003275326651e-01
3.241755085536334180e-01
2.241767459615614799e-01
1.863557033823173836e-01
8.635572850943087908e-02
0.000000000000000000e+00
