1.023266454773901213e+00
1.023266454773901213e+00
1.110120278989601195e+00
1.181649342694392368e+00
1.245831411674056088e+00
1.288627524855322282e+00
1.331423638036588697e+00
1.374219751217854890e+00
1.417015864399121083e+00
1.441772312816800294e+00
1.447769323250847728e+00
1.460379397523707601e+00
1.472989471796567473e+00
1.485599546069427346e+00
1.498209620342287218e+00
1.510819694615146869e+00
1.523429768888006741e+00
1.536039843160866614e+00
1.548649917433726486e+00
1.558067589031692624e+00
1.582404329830097600e+00
1.606741070628502355e+00
1.631077811426907331e+00
1.655414552225312086e+00
1.679751293023717063e+00
1.698618468586164054e+00
1.726967813076685454e+00
1.755317157567207076e+00
1.783666502057728476e+00
1.812015846548250098e+00
1.840365191038771497e+00
1.868714535529292897e+00
1.878896442011224632e+00
1.873130193719511727e+00
1.867363945427799043e+00
1.861597697136086138e+00
1.856526393518040052e+00
1.837500337165848929e+00
1.826130328380704437e+00
1.800363167623370009e+00
1.774596006866035580e+00
1.748828846108701374e+00
1.723061685351366945e+00
1.697294524594032517e+00
1.671527363836698088e+00
1.645760203079363659e+00
1.629359362322247984e+00
1.616938427102365239e+00
1.604517491882482494e+00
1.592096556662599971e+00
1.582152634439284888e+00
1.564819467071708603e+00
1.547486299704132318e+00
1.530153132336556032e+00
1.512819964968979747e+00
1.504824389275200236e+00
1.486193771165220889e+00
1.467563153055241765e+00
1.448932534945262418e+00
1.430301916835283071e+00
1.411671298725303725e+00
1.397207952606287495e+00
1.379402335250025757e+00
1.361596717893764241e+00
1.343791100537502503e+00
1.331461050064559837e+00
1.327999565408715110e+00
1.326052490103624137e+00
1.312548289329699136e+00
1.299044088555774357e+00
1.296174721535246821e+00
1.293179283362806853e+00
1.290183845190366885e+00
1.287188407017926917e+00
1.284192968845486948e+00
1.281197530673046980e+00
1.278202092500607012e+00
1.275206654328166822e+00
1.274251316841870985e+00
1.285918428399002611e+00
1.295314960981234442e+00
1.304711493563466496e+00
1.313554501405314490e+00
1.316903575118328229e+00
1.315664426684573840e+00
1.314425278250819229e+00
1.313186129817064840e+00
1.312974450084229971e+00
1.312989700245878133e+00
1.313004950407526294e+00
1.313019585045335225e+00
1.313562797488387668e+00
1.321170462303078663e+00
1.328778127117769436e+00
1.336385791932460432e+00
1.343993456747151427e+00
1.346978935541056632e+00
1.380262781820503548e+00
1.413546628099950464e+00
1.446830474379397380e+00
1.480114320658844296e+00
1.513398166938291212e+00
1.546682013217738128e+00
1.579965859497185043e+00
1.590531130220839140e+00
1.620054517462655275e+00
1.658230429028128450e+00
1.688530165802505367e+00
1.733726539485076268e+00
1.778922913167647168e+00
1.824119286850218069e+00
1.867323763653199409e+00
1.866097190418298801e+00
1.865474505901890012e+00
1.838725832281755679e+00
1.811977158661621123e+00
1.802661298424704128e+00
1.782106968907393396e+00
1.761655117287552530e+00
1.746049290512820429e+00
1.730443463738088106e+00
1.714837636963356005e+00
1.699231810188623903e+00
1.696364954720795737e+00
1.694745991680231656e+00
1.694207931461456651e+00
1.692175252380411665e+00
1.691958764714033725e+00
1.670217124522456409e+00
1.648475484330879315e+00
1.639426695959110614e+00
1.609310789040517609e+00
1.579194882121924381e+00
1.549078975203331376e+00
1.518963068284738371e+00
1.488847161366145144e+00
1.464696483476574773e+00
1.441284536893855828e+00
1.417872590311136882e+00
1.394460643728417937e+00
1.371048697145699213e+00
1.347636750562980268e+00
1.336833726179292192e+00
1.337250207731969009e+00
1.346812482550376888e+00
1.356374757368784767e+00
1.365937032187192646e+00
1.375499307005600524e+00
1.385061581824008181e+00
1.394623856642416060e+00
1.404186131460823939e+00
1.406658300529781025e+00
1.435255446266795909e+00
1.463243113293263953e+00
1.482188538682644996e+00
1.518355499832245270e+00
1.554522460981845322e+00
1.590689422131445596e+00
1.626856383281045648e+00
1.663023344430645922e+00
1.699190305580246196e+00
1.735357266729846248e+00
1.771524227879446522e+00
1.807691189029046797e+00
1.815402254271198501e+00
1.859333353986553750e+00
1.876148331561619642e+00
1.915399715062304109e+00
1.954651098562988576e+00
1.993902482063672821e+00
2.033153865564357510e+00
2.072405249065041755e+00
2.110841666088707491e+00
2.135636546101754796e+00
2.143975548043939749e+00
2.146165134779445705e+00
2.146322975514379117e+00
2.147914160488529234e+00
2.149505345462679351e+00
2.150375179220992194e+00
2.151785916170810165e+00
2.160378723776118726e+00
2.168741424954920838e+00
2.181667557901256327e+00
2.194593690847591372e+00
2.207519823793926861e+00
2.213679985509609871e+00
2.226649260912660466e+00
2.239618536315710617e+00
2.252587811718761213e+00
2.265557087121811808e+00
2.278526362524861959e+00
2.291495637927912554e+00
2.299737344417460694e+00
2.239124402114452295e+00
2.189104418544252528e+00
2.141909230596839908e+00
2.094714042649427288e+00
2.047518854702014668e+00
2.000323666754602048e+00
1.953128478807189650e+00
1.905933290859777030e+00
1.858738102912364409e+00
1.811542914964952011e+00
1.764347727017539391e+00
1.729097406736650466e+00
1.690047103572890563e+00
1.650996800409130882e+00
1.613559745713249338e+00
1.582561732134499133e+00
1.551563718555748705e+00
1.520565704976998500e+00
1.489567691398248073e+00
1.472089211681086196e+00
1.463136904689436024e+00
1.454184597697785852e+00
1.445232290706135458e+00
1.436279983714485287e+00
1.430245705453523142e+00
1.437323826575041874e+00
1.444401947696560606e+00
1.451480068818079561e+00
1.458558189939598293e+00
1.465289745471791916e+00
1.479980746328255048e+00
1.494671747184718180e+00
1.494885047807803957e+00
1.513414397146486623e+00
1.516521940392879797e+00
1.542195027766938953e+00
1.567868115140998109e+00
1.593541202515057487e+00
1.605230555337794796e+00
1.635558088906099217e+00
1.647550182151762410e+00
1.670934145869084730e+00
1.694318109586407051e+00
1.711155110596126461e+00
1.735288447102917520e+00
1.759421783609708800e+00
1.770286159101044587e+00
1.765614956064499808e+00
1.764765713403052549e+00
1.764036997870160883e+00
1.763308282337269217e+00
1.763235779896462407e+00
1.742053619265985898e+00
1.725268715931071339e+00
1.708483812596157003e+00
1.691698909261242445e+00
1.688898402212569039e+00
1.647113892874848995e+00
1.641352712883716203e+00
1.604172306560408989e+00
1.566991900237101998e+00
1.529811493913794784e+00
1.492631087590487571e+00
1.455450681267180357e+00
1.418270274943873366e+00
1.381089868620566152e+00
1.363155210071074652e+00
1.341942799645476914e+00
1.320730389219879175e+00
1.311652358997855039e+00
1.299847229690170192e+00
1.288042100382485344e+00
1.277148077845518426e+00
1.271001465359504534e+00
1.264854852873490643e+00
1.258708240387476529e+00
1.260335770760942609e+00
1.261758125144412102e+00
1.261865402387207125e+00
1.258875969309059872e+00
1.255886536230912398e+00
1.252897103152765146e+00
1.249907670074617672e+00
1.249556911654011504e+00
1.258606160993068768e+00
1.267655410332126031e+00
1.270796691503635056e+00
1.287125217040101743e+00
1.291728036584458561e+00
1.311875026244658571e+00
1.332022015904858803e+00
1.352169005565058812e+00
1.372315995225259044e+00
1.392462984885459054e+00
1.393434165323997442e+00
1.428060522723263226e+00
1.430517191951770739e+00
1.458800664643910450e+00
1.466617195630851134e+00
1.496677733329653037e+00
1.526738271028454719e+00
1.556798808727256400e+00
1.579604081610286981e+00
1.595018965624407592e+00
1.577614856900198426e+00
1.574779925778889700e+00
1.556920537825433826e+00
1.550085725200836206e+00
1.536469004240404779e+00
1.522852283279973129e+00
1.509235562319541701e+00
1.495618841359110274e+00
1.482002120398678846e+00
1.468385399438247418e+00
1.454768678477815769e+00
1.444086477320036144e+00
1.441612630974501652e+00
1.439138784628967160e+00
1.436664938283432669e+00
1.434191091937898177e+00
1.431717245592363685e+00
1.430617900142483023e+00
1.437498450154760077e+00
1.444379000167036908e+00
1.444626988965041159e+00
1.442481597322942566e+00
1.440336205680843973e+00
1.440060239640260864e+00
1.434049627485151523e+00
1.428039015330041961e+00
1.422028403174932620e+00
1.422021579689828563e+00
1.420518444601151176e+00
1.419015309512473566e+00
1.418778142336609482e+00
1.414409189320426474e+00
1.410040236304243244e+00
1.405671283288060236e+00
1.404111295164339968e+00
1.387692173595189260e+00
1.371273052026038330e+00
1.367727752286508114e+00
1.361062306188407955e+00
1.354396860090307797e+00
1.347731413992207861e+00
1.341065967894107702e+00
1.334400521796007544e+00
1.327735075697907385e+00
1.323616387481900913e+00
1.329717650787677119e+00
1.335112502070054497e+00
1.341809671327844677e+00
1.355087904432275447e+00
1.375978346611055558e+00
1.396868788789835447e+00
1.417759230968615558e+00
1.430822862559811171e+00
1.467539810662998878e+00
1.504256758766186364e+00
1.526234643169442018e+00
1.514158838813730812e+00
1.502083034458019606e+00
1.490007230102308400e+00
1.482039730927481092e+00
1.477904142648997610e+00
1.473768554370513906e+00
1.469632966092030424e+00
1.469044798678367236e+00
1.454949191237447259e+00
1.440853583796527282e+00
1.426757976355607305e+00
1.412785270528844617e+00
1.406427652721677024e+00
1.400070034914509431e+00
1.393712417107341839e+00
1.387354799300174246e+00
1.384528115780921942e+00
1.387923589670193358e+00
1.391319063559464775e+00
1.394714537448736191e+00
1.395556154340822586e+00
1.403330631689982955e+00
1.411105109039143324e+00
1.418879586388303915e+00
1.426654063737464284e+00
1.427945377224938417e+00
1.447128220733307158e+00
1.466311064241675899e+00
1.485493907750044862e+00
1.504676751258413603e+00
1.513105202727748289e+00
1.542160607713501497e+00
1.551459635566037054e+00
1.589920438350299392e+00
1.615068447559519171e+00
1.629988821691771728e+00
1.661163761890695367e+00
1.692338702089619007e+00
1.723513642288542425e+00
1.728581019680584197e+00
1.767447320557283374e+00
1.806313621433982775e+00
1.839965694297472032e+00
1.881318849579424857e+00
1.911293705960387168e+00
1.958479566935412697e+00
2.005665427910438225e+00
2.052851288885463532e+00
2.074621189787274389e+00
2.113885025285517916e+00
2.153148860783761442e+00
2.192412696282004969e+00
2.231676531780248496e+00
2.246712144585007120e+00
2.287161478611653642e+00
2.333534813318848045e+00
2.379908148026042003e+00
2.426281482733236405e+00
2.442756322484596065e+00
2.471104581314393922e+00
2.473678456736236875e+00
2.461621843965465573e+00
2.449565231194693826e+00
2.437508618423922524e+00
2.425452005653150778e+00
2.413395392882379475e+00
2.401338780111607729e+00
2.389282167340836427e+00
2.377225554570064681e+00
2.365168941799293378e+00
2.353112329028522076e+00
2.347248339612181045e+00
2.353302514858254479e+00
2.359356690104328358e+00
2.365410865350401792e+00
2.366519300134496628e+00
2.356658643489965677e+00
2.346797986845434281e+00
2.336937330200903329e+00
2.327076673556371933e+00
2.318287915418357770e+00
2.313759202443249841e+00
2.309341883757698888e+00
2.272172210579139318e+00
2.235002537400579747e+00
2.197832864222020621e+00
2.176813490204504653e+00
2.147760080365672675e+00
2.118706670526841140e+00
2.089653260688009162e+00
2.060599850849177628e+00
2.047873380914052799e+00
2.018931403394640167e+00
1.994421408739941004e+00
1.963966280926081831e+00
1.933511153112222880e+00
1.903056025298363707e+00
1.872600897484504534e+00
1.842145769670645583e+00
1.811690641856786410e+00
1.781235514042927459e+00
1.770725339367198448e+00
1.763589832625422904e+00
1.756454325883647583e+00
1.749318819141872039e+00
1.742183312400096495e+00
1.735047805658320952e+00
1.728093984654625048e+00
1.733629608277210910e+00
1.739165231899796771e+00
1.744700855522382632e+00
1.745447173294098375e+00
1.759345104099149681e+00
1.773243034904200766e+00
1.787140965709252072e+00
1.801038896514303378e+00
1.810010701995758531e+00
1.833335199207820621e+00
1.856659696419882932e+00
1.864314880220049542e+00
1.896738437900069130e+00
1.929161995580088718e+00
1.933028480794296566e+00
1.969264674820025540e+00
2.005500868845754514e+00
2.041737062871483488e+00
2.077973256897212906e+00
2.114209450922941880e+00
2.150445644948670854e+00
2.158335895556959372e+00
2.171118282306527814e+00
2.193631429285446632e+00
2.216144576264365895e+00
2.238657723243284714e+00
2.261170870222203533e+00
2.283684017201122352e+00
2.306197164180041614e+00
2.328710311158960433e+00
2.351223458137879252e+00
2.372888031995145752e+00
2.388430025397923817e+00
2.422043484052134321e+00
2.455656942706345269e+00
2.462825102729469862e+00
2.487203832041154694e+00
2.511582561352839971e+00
2.535961290664524803e+00
2.560340019976210080e+00
2.573058213093014857e+00
2.563784473459672419e+00
2.554510733826329538e+00
2.545236994192987101e+00
2.535963254559644220e+00
2.526689514926301783e+00
2.517415775292958902e+00
2.508142035659616464e+00
2.506729779030650196e+00
2.499200378647625342e+00
2.491670978264600489e+00
2.484141577881575635e+00
2.476612177498550782e+00
2.469082777115525928e+00
2.461553376732501075e+00
2.454023976349476222e+00
2.446494575966451368e+00
2.438965175583426515e+00
2.431435775200401661e+00
2.423906374817376808e+00
2.416376974434351954e+00
2.415810604047018639e+00
2.399753698727919549e+00
2.383696793408820458e+00
2.367639888089721367e+00
2.351582982770622721e+00
2.335526077451523630e+00
2.319469172132424539e+00
2.308694099106058051e+00
2.303341546022156461e+00
2.297988992938254427e+00
2.295741742385889239e+00
2.298318853997912914e+00
2.300895965609936145e+00
2.303473077221959819e+00
2.306050188833983050e+00
2.308627300446006725e+00
2.311204412058030400e+00
2.313781523670053630e+00
2.315274656559290545e+00
2.334360981282935565e+00
2.353447306006580586e+00
2.361106422901742885e+00
2.381625024501064836e+00
2.402143626100386786e+00
2.422662227699708737e+00
2.437387323681676765e+00
2.448191257543823607e+00
2.457103868517230172e+00
2.466016479490637181e+00
2.474929090464043746e+00
2.483841701437450755e+00
2.492754312410857320e+00
2.501666923384264329e+00
2.510579534357670894e+00
2.519492145331077904e+00
2.522642850092304379e+00
2.529417793779961787e+00
2.531812503377699475e+00
2.500153261641930413e+00
2.468494019906161352e+00
2.474532063470190835e+00
2.401366907858911048e+00
2.328201752247630818e+00
2.255036596636351032e+00
2.181871441025070801e+00
2.176283974680115474e+00
2.111168968056471140e+00
2.046053961432827251e+00
1.980938954809182917e+00
1.915823948185538805e+00
1.850708941561894694e+00
1.785593934938250360e+00
1.735593305278867016e+00
1.691900179139652405e+00
1.644085474209246334e+00
1.642140240199191581e+00
1.606517992091899938e+00
1.570895743984608295e+00
1.535273495877316430e+00
1.499651247770024787e+00
1.464028999662733144e+00
1.429339434975207768e+00
1.381391811356812216e+00
1.355714271128041659e+00
1.333283200096151200e+00
1.310852129064260740e+00
1.288421058032370281e+00
1.265989987000479822e+00
1.243558915968589362e+00
1.221127844936698903e+00
1.220878923792937387e+00
1.181982888868755577e+00
1.143086853944573988e+00
1.128376258039083258e+00
1.110297492933624008e+00
1.113668248122593463e+00
