5.136041164398193359e+00;-2.756006050109863281e+01;-2.942242622375488281e+01
5.136041164398193359e+00;-2.756006050109863281e+01;-2.942242622375488281e+01
5.219532966613769531e+00;-2.756671714782714844e+01;-2.936779212951660156e+01
5.285605907440185547e+00;-2.755640602111816406e+01;-2.930534744262695312e+01
5.343541622161865234e+00;-2.755864334106445312e+01;-2.922408294677734375e+01
5.370491027832031250e+00;-2.759098815917968750e+01;-2.913337707519531250e+01
5.397440433502197266e+00;-2.762333488464355469e+01;-2.904267120361328125e+01
5.424389839172363281e+00;-2.765567970275878906e+01;-2.895196723937988281e+01
5.451338768005371094e+00;-2.768802642822265625e+01;-2.886126136779785156e+01
5.466928482055664062e+00;-2.770673751831054688e+01;-2.880879020690917969e+01
5.456171512603759766e+00;-2.774533653259277344e+01;-2.875925827026367188e+01
5.429660797119140625e+00;-2.777845764160156250e+01;-2.866870307922363281e+01
5.403150081634521484e+00;-2.781157875061035156e+01;-2.857814788818359375e+01
5.376638889312744141e+00;-2.784469985961914062e+01;-2.848759460449218750e+01
5.350128173828125000e+00;-2.787782096862792969e+01;-2.839703941345214844e+01
5.323617458343505859e+00;-2.791094207763671875e+01;-2.830648422241210938e+01
5.297106742858886719e+00;-2.794406127929687500e+01;-2.821592903137207031e+01
5.270595550537109375e+00;-2.797718238830566406e+01;-2.812537384033203125e+01
5.244084835052490234e+00;-2.801030349731445312e+01;-2.803481864929199219e+01
5.224285602569580078e+00;-2.803503990173339844e+01;-2.796718978881835938e+01
5.185790061950683594e+00;-2.806889915466308594e+01;-2.788133049011230469e+01
5.147294044494628906e+00;-2.810275650024414062e+01;-2.779547309875488281e+01
5.108798503875732422e+00;-2.813661575317382812e+01;-2.770961380004882812e+01
5.070302963256835938e+00;-2.817047309875488281e+01;-2.762375640869140625e+01
5.031807422637939453e+00;-2.820433235168457031e+01;-2.753789710998535156e+01
5.001985549926757812e+00;-2.822992324829101562e+01;-2.747089195251464844e+01
4.949305057525634766e+00;-2.825925445556640625e+01;-2.739111518859863281e+01
4.896625041961669922e+00;-2.828858566284179688e+01;-2.731133651733398438e+01
4.843944549560546875e+00;-2.831791687011718750e+01;-2.723155975341796875e+01
4.791264533996582031e+00;-2.834724807739257812e+01;-2.715178108215332031e+01
4.738584041595458984e+00;-2.837657928466796875e+01;-2.707200431823730469e+01
4.685903549194335938e+00;-2.840591049194335938e+01;-2.699222564697265625e+01
4.666983127593994141e+00;-2.841644477844238281e+01;-2.696357345581054688e+01
4.577773571014404297e+00;-2.842050170898437500e+01;-2.691857147216796875e+01
4.488564014434814453e+00;-2.842456054687500000e+01;-2.687356948852539062e+01
4.399354457855224609e+00;-2.842861747741699219e+01;-2.682856750488281250e+01
4.320896625518798828e+00;-2.843218612670898438e+01;-2.678898811340332031e+01
4.258580207824707031e+00;-2.839960479736328125e+01;-2.674169731140136719e+01
4.234007835388183594e+00;-2.838199615478515625e+01;-2.672296524047851562e+01
4.153784751892089844e+00;-2.834215545654296875e+01;-2.667850303649902344e+01
4.073561191558837891e+00;-2.830231475830078125e+01;-2.663404083251953125e+01
3.993338108062744141e+00;-2.826247215270996094e+01;-2.658957672119140625e+01
3.913115024566650391e+00;-2.822263145446777344e+01;-2.654511451721191406e+01
3.832891702651977539e+00;-2.818279075622558594e+01;-2.650065231323242188e+01
3.752668619155883789e+00;-2.814295005798339844e+01;-2.645619010925292969e+01
3.672445297241210938e+00;-2.810310745239257812e+01;-2.641172790527343750e+01
3.621383190155029297e+00;-2.807774925231933594e+01;-2.638342666625976562e+01
3.542932987213134766e+00;-2.803942489624023438e+01;-2.633467292785644531e+01
3.464482784271240234e+00;-2.800110244750976562e+01;-2.628592109680175781e+01
3.386032581329345703e+00;-2.796277809143066406e+01;-2.623716735839843750e+01
3.323227167129516602e+00;-2.793209648132324219e+01;-2.619813728332519531e+01
3.230080842971801758e+00;-2.790671920776367188e+01;-2.617206573486328125e+01
3.136934518814086914e+00;-2.788134193420410156e+01;-2.614599227905273438e+01
3.043788194656372070e+00;-2.785596466064453125e+01;-2.611992073059082031e+01
2.950641870498657227e+00;-2.783058738708496094e+01;-2.609384918212890625e+01
2.907674551010131836e+00;-2.781888198852539062e+01;-2.608182144165039062e+01
2.811929464340209961e+00;-2.782112503051757812e+01;-2.605304908752441406e+01
2.716184139251708984e+00;-2.782336807250976562e+01;-2.602427673339843750e+01
2.620439052581787109e+00;-2.782561111450195312e+01;-2.599550437927246094e+01
2.524693965911865234e+00;-2.782785415649414062e+01;-2.596673393249511719e+01
2.428948640823364258e+00;-2.783009719848632812e+01;-2.593796157836914062e+01
2.354619741439819336e+00;-2.783183860778808594e+01;-2.591562461853027344e+01
2.264995813369750977e+00;-2.786516761779785156e+01;-2.588635444641113281e+01
2.175371885299682617e+00;-2.789849662780761719e+01;-2.585708427429199219e+01
2.085747957229614258e+00;-2.793182563781738281e+01;-2.582781410217285156e+01
2.023685216903686523e+00;-2.795490455627441406e+01;-2.580754470825195312e+01
1.939683318138122559e+00;-2.799639129638671875e+01;-2.577257919311523438e+01
1.892432570457458496e+00;-2.801972770690917969e+01;-2.575291252136230469e+01
1.814014554023742676e+00;-2.807701110839843750e+01;-2.572905540466308594e+01
1.735596537590026855e+00;-2.813429450988769531e+01;-2.570519828796386719e+01
1.720653295516967773e+00;-2.814365196228027344e+01;-2.570154762268066406e+01
1.635003209114074707e+00;-2.819061088562011719e+01;-2.568012428283691406e+01
1.549353241920471191e+00;-2.823756980895996094e+01;-2.565870094299316406e+01
1.463703155517578125e+00;-2.828452873229980469e+01;-2.563727760314941406e+01
1.378053188323974609e+00;-2.833148574829101562e+01;-2.561585426330566406e+01
1.292403101921081543e+00;-2.837844467163085938e+01;-2.559443092346191406e+01
1.206753015518188477e+00;-2.842540359497070312e+01;-2.557300758361816406e+01
1.121103048324584961e+00;-2.847236251831054688e+01;-2.555158424377441406e+01
1.093786597251892090e+00;-2.848733901977539062e+01;-2.554475212097167969e+01
1.033692836761474609e+00;-2.853854179382324219e+01;-2.552194023132324219e+01
9.485813379287719727e-01;-2.858742904663085938e+01;-2.550280761718750000e+01
8.634698390960693359e-01;-2.863631629943847656e+01;-2.548367309570312500e+01
7.833720445632934570e-01;-2.868232345581054688e+01;-2.546566772460937500e+01
7.398883104324340820e-01;-2.870396041870117188e+01;-2.545265388488769531e+01
6.497924923896789551e-01;-2.872926330566406250e+01;-2.541740417480468750e+01
5.596966147422790527e-01;-2.875456428527832031e+01;-2.538215446472167969e+01
4.696007966995239258e-01;-2.877986717224121094e+01;-2.534690475463867188e+01
4.542100131511688232e-01;-2.878418922424316406e+01;-2.534088325500488281e+01
3.649666011333465576e-01;-2.879235649108886719e+01;-2.529651069641113281e+01
2.757231891155242920e-01;-2.880052185058593750e+01;-2.525213813781738281e+01
1.900818198919296265e-01;-2.880835914611816406e+01;-2.520955657958984375e+01
1.673580557107925415e-01;-2.881497764587402344e+01;-2.519813537597656250e+01
8.909222483634948730e-02;-2.883162307739257812e+01;-2.513815689086914062e+01
1.082638930529356003e-02;-2.884826850891113281e+01;-2.507817840576171875e+01
-6.743944436311721802e-02;-2.886491203308105469e+01;-2.501819992065429688e+01
-1.457052826881408691e-01;-2.888155746459960938e+01;-2.495822143554687500e+01
-1.764191687107086182e-01;-2.888809013366699219e+01;-2.493468475341796875e+01
-2.533244490623474121e-01;-2.889360046386718750e+01;-2.487100410461425781e+01
-3.302296996116638184e-01;-2.889910888671875000e+01;-2.480732345581054688e+01
-4.071349799633026123e-01;-2.890461921691894531e+01;-2.474364280700683594e+01
-4.840402603149414062e-01;-2.891012763977050781e+01;-2.467996215820312500e+01
-5.609455108642578125e-01;-2.891563796997070312e+01;-2.461628150939941406e+01
-6.378507614135742188e-01;-2.892114639282226562e+01;-2.455260086059570312e+01
-7.147560715675354004e-01;-2.892665672302246094e+01;-2.448892021179199219e+01
-7.391680479049682617e-01;-2.892840576171875000e+01;-2.446870613098144531e+01
-7.822535037994384766e-01;-2.893968582153320312e+01;-2.441430473327636719e+01
-8.528496623039245605e-01;-2.894244194030761719e+01;-2.434353256225585938e+01
-9.088809490203857422e-01;-2.894462966918945312e+01;-2.428736305236816406e+01
-9.971995353698730469e-01;-2.895865058898925781e+01;-2.424260520935058594e+01
-1.085518121719360352e+00;-2.897267150878906250e+01;-2.419784736633300781e+01
-1.173836708068847656e+00;-2.898669433593750000e+01;-2.415309143066406250e+01
-1.258262872695922852e+00;-2.900009727478027344e+01;-2.411030578613281250e+01
-1.333299756050109863e+00;-2.895369148254394531e+01;-2.406323051452636719e+01
-1.371393203735351562e+00;-2.893013381958007812e+01;-2.403933334350585938e+01
-1.437283992767333984e+00;-2.891053199768066406e+01;-2.396670913696289062e+01
-1.503174901008605957e+00;-2.889093017578125000e+01;-2.389408683776855469e+01
-1.526122927665710449e+00;-2.888410377502441406e+01;-2.386879348754882812e+01
-1.592139840126037598e+00;-2.887064170837402344e+01;-2.379489707946777344e+01
-1.657827615737915039e+00;-2.885724830627441406e+01;-2.372137069702148438e+01
-1.715582251548767090e+00;-2.883122634887695312e+01;-2.364399337768554688e+01
-1.773337006568908691e+00;-2.880520629882812500e+01;-2.356661605834960938e+01
-1.831091642379760742e+00;-2.877918434143066406e+01;-2.348923873901367188e+01
-1.888846397399902344e+00;-2.875316238403320312e+01;-2.341186141967773438e+01
-1.899456143379211426e+00;-2.874838256835937500e+01;-2.339764595031738281e+01
-1.960123777389526367e+00;-2.872737503051757812e+01;-2.332097625732421875e+01
-1.980286598205566406e+00;-2.872039413452148438e+01;-2.329549598693847656e+01
-2.053228378295898438e+00;-2.870285415649414062e+01;-2.322937583923339844e+01
-2.060997009277343750e+00;-2.870098686218261719e+01;-2.322233390808105469e+01
-2.133364200592041016e+00;-2.865388488769531250e+01;-2.317189216613769531e+01
-2.205731391906738281e+00;-2.860678291320800781e+01;-2.312145042419433594e+01
-2.233740329742431641e+00;-2.858790969848632812e+01;-2.310164451599121094e+01
-2.298387050628662109e+00;-2.852232933044433594e+01;-2.306265640258789062e+01
-2.363033771514892578e+00;-2.845675086975097656e+01;-2.302366828918457031e+01
-2.427680253982543945e+00;-2.839117050170898438e+01;-2.298467826843261719e+01
-2.492326974868774414e+00;-2.832559013366699219e+01;-2.294569015502929688e+01
-2.556973695755004883e+00;-2.826001167297363281e+01;-2.290670204162597656e+01
-2.616245508193969727e+00;-2.819367027282714844e+01;-2.287605285644531250e+01
-2.678637027740478516e+00;-2.812880134582519531e+01;-2.283246994018554688e+01
-2.741028547286987305e+00;-2.806393432617187500e+01;-2.278888893127441406e+01
-2.803420305252075195e+00;-2.799906539916992188e+01;-2.274530601501464844e+01
-2.865811824798583984e+00;-2.793419837951660156e+01;-2.270172309875488281e+01
-2.928203344345092773e+00;-2.786932945251464844e+01;-2.265814208984375000e+01
-2.956992864608764648e+00;-2.783939743041992188e+01;-2.263803100585937500e+01
-2.998041152954101562e+00;-2.778828620910644531e+01;-2.260887908935546875e+01
-3.061546325683593750e+00;-2.772472953796386719e+01;-2.256497573852539062e+01
-3.125051498413085938e+00;-2.766117095947265625e+01;-2.252107048034667969e+01
-3.188556671142578125e+00;-2.759761428833007812e+01;-2.247716712951660156e+01
-3.252061605453491211e+00;-2.753405761718750000e+01;-2.243326187133789062e+01
-3.315566778182983398e+00;-2.747050094604492188e+01;-2.238935852050781250e+01
-3.379071950912475586e+00;-2.740694236755371094e+01;-2.234545326232910156e+01
-3.442577123641967773e+00;-2.734338569641113281e+01;-2.230154991149902344e+01
-3.458995342254638672e+00;-2.732695388793945312e+01;-2.229019927978515625e+01
-3.529822587966918945e+00;-2.725909233093261719e+01;-2.227075004577636719e+01
-3.599140167236328125e+00;-2.719267654418945312e+01;-2.225171470642089844e+01
-3.645044326782226562e+00;-2.714858818054199219e+01;-2.223593902587890625e+01
-3.689278364181518555e+00;-2.708061599731445312e+01;-2.217743110656738281e+01
-3.733512401580810547e+00;-2.701264572143554688e+01;-2.211892127990722656e+01
-3.777746438980102539e+00;-2.694467353820800781e+01;-2.206041336059570312e+01
-3.821980476379394531e+00;-2.687670326232910156e+01;-2.200190544128417969e+01
-3.866214513778686523e+00;-2.680873107910156250e+01;-2.194339561462402344e+01
-3.910448551177978516e+00;-2.674076080322265625e+01;-2.188488769531250000e+01
-3.954682588577270508e+00;-2.667278861999511719e+01;-2.182637977600097656e+01
-3.998916625976562500e+00;-2.660481834411621094e+01;-2.176787185668945312e+01
-4.043150901794433594e+00;-2.653684616088867188e+01;-2.170936203002929688e+01
-4.052581787109375000e+00;-2.652235412597656250e+01;-2.169688796997070312e+01
-4.074090957641601562e+00;-2.647451400756835938e+01;-2.161174774169921875e+01
-4.082323551177978516e+00;-2.645620346069335938e+01;-2.157916069030761719e+01
-4.087633609771728516e+00;-2.640026092529296875e+01;-2.149644279479980469e+01
-4.092943668365478516e+00;-2.634431838989257812e+01;-2.141372489929199219e+01
-4.098253726959228516e+00;-2.628837776184082031e+01;-2.133100700378417969e+01
-4.103563308715820312e+00;-2.623243522644042969e+01;-2.124828910827636719e+01
-4.108873367309570312e+00;-2.617649269104003906e+01;-2.116557121276855469e+01
-4.114073276519775391e+00;-2.612171173095703125e+01;-2.108456993103027344e+01
-4.078358650207519531e+00;-2.608133888244628906e+01;-2.100034141540527344e+01
-4.065480709075927734e+00;-2.606699752807617188e+01;-2.097162055969238281e+01
-4.023576736450195312e+00;-2.599283981323242188e+01;-2.091923141479492188e+01
-4.020555973052978516e+00;-2.598749351501464844e+01;-2.091545486450195312e+01
-3.978727817535400391e+00;-2.591436958312988281e+01;-2.086157417297363281e+01
-3.936899900436401367e+00;-2.584124374389648438e+01;-2.080769348144531250e+01
-3.914034128189086914e+00;-2.580126953125000000e+01;-2.077823829650878906e+01
-3.881168603897094727e+00;-2.574787902832031250e+01;-2.073911476135253906e+01
-3.832729101181030273e+00;-2.567866706848144531e+01;-2.068560600280761719e+01
-3.785586595535278320e+00;-2.561130714416503906e+01;-2.063352966308593750e+01
-3.737699270248413086e+00;-2.554898452758789062e+01;-2.057170295715332031e+01
-3.689811944961547852e+00;-2.548666000366210938e+01;-2.050987434387207031e+01
-3.641924619674682617e+00;-2.542433738708496094e+01;-2.044804763793945312e+01
-3.619103193283081055e+00;-2.539463615417480469e+01;-2.041858291625976562e+01
-3.586809396743774414e+00;-2.534095382690429688e+01;-2.034063911437988281e+01
-3.554515361785888672e+00;-2.528727149963378906e+01;-2.026269531250000000e+01
-3.522221565246582031e+00;-2.523358917236328125e+01;-2.018474960327148438e+01
-3.489927530288696289e+00;-2.517990684509277344e+01;-2.010680580139160156e+01
-3.457633733749389648e+00;-2.512622451782226562e+01;-2.002886199951171875e+01
-3.425339698791503906e+00;-2.507254219055175781e+01;-1.995091819763183594e+01
-3.405349016189575195e+00;-2.501907539367675781e+01;-1.987726211547851562e+01
-3.462347030639648438e+00;-2.497933387756347656e+01;-1.980534744262695312e+01
-3.509315490722656250e+00;-2.494644737243652344e+01;-1.974580383300781250e+01
-3.561803340911865234e+00;-2.489575004577636719e+01;-1.967743110656738281e+01
-3.614291429519653320e+00;-2.484505462646484375e+01;-1.960905838012695312e+01
-3.666779279708862305e+00;-2.479435729980468750e+01;-1.954068565368652344e+01
-3.719267368316650391e+00;-2.474365997314453125e+01;-1.947231292724609375e+01
-3.771755218505859375e+00;-2.469296264648437500e+01;-1.940394020080566406e+01
-3.824243307113647461e+00;-2.464226722717285156e+01;-1.933556747436523438e+01
-3.876731157302856445e+00;-2.459156990051269531e+01;-1.926719284057617188e+01
-3.929219245910644531e+00;-2.454087257385253906e+01;-1.919882011413574219e+01
-3.981707096099853516e+00;-2.449017715454101562e+01;-1.913044738769531250e+01
-4.020910739898681641e+00;-2.445231056213378906e+01;-1.907938003540039062e+01
-4.077919483184814453e+00;-2.440794563293457031e+01;-1.901022911071777344e+01
-4.134928703308105469e+00;-2.436358070373535156e+01;-1.894108009338378906e+01
-4.189582347869873047e+00;-2.432104873657226562e+01;-1.887478637695312500e+01
-4.249555587768554688e+00;-2.426746940612792969e+01;-1.881535148620605469e+01
-4.309528827667236328e+00;-2.421389007568359375e+01;-1.875591850280761719e+01
-4.369502067565917969e+00;-2.416031074523925781e+01;-1.869648361206054688e+01
-4.429475307464599609e+00;-2.410672950744628906e+01;-1.863704872131347656e+01
-4.463291645050048828e+00;-2.407651901245117188e+01;-1.860353660583496094e+01
-4.514734268188476562e+00;-2.402211761474609375e+01;-1.853724861145019531e+01
-4.566177368164062500e+00;-2.396771430969238281e+01;-1.847096061706542969e+01
-4.617619991302490234e+00;-2.391331291198730469e+01;-1.840467453002929688e+01
-4.669062614440917969e+00;-2.385890960693359375e+01;-1.833838653564453125e+01
-4.705255031585693359e+00;-2.382035255432128906e+01;-1.829189109802246094e+01
-4.754016399383544922e+00;-2.375216102600097656e+01;-1.823737335205078125e+01
-4.802778244018554688e+00;-2.368396949768066406e+01;-1.818285560607910156e+01
-4.851539611816406250e+00;-2.361577796936035156e+01;-1.812833786010742188e+01
-4.900300979614257812e+00;-2.354758453369140625e+01;-1.807382011413574219e+01
-4.931575775146484375e+00;-2.350943183898925781e+01;-1.803666496276855469e+01
-4.983336925506591797e+00;-2.344572067260742188e+01;-1.797955322265625000e+01
-5.035098075866699219e+00;-2.338200950622558594e+01;-1.792244338989257812e+01
-5.035849571228027344e+00;-2.338108444213867188e+01;-1.792161369323730469e+01
-5.075864791870117188e+00;-2.330973434448242188e+01;-1.786409950256347656e+01
-5.082575798034667969e+00;-2.329776763916015625e+01;-1.785445404052734375e+01
-5.126223087310791016e+00;-2.323710441589355469e+01;-1.778800964355468750e+01
-5.169870376586914062e+00;-2.317644119262695312e+01;-1.772156524658203125e+01
-5.213517189025878906e+00;-2.311577796936035156e+01;-1.765512084960937500e+01
-5.233456611633300781e+00;-2.308837509155273438e+01;-1.762520027160644531e+01
-5.288915634155273438e+00;-2.302960586547851562e+01;-1.756628799438476562e+01
-5.310844898223876953e+00;-2.300636863708496094e+01;-1.754299354553222656e+01
-5.348648548126220703e+00;-2.295108604431152344e+01;-1.746873283386230469e+01
-5.386452198028564453e+00;-2.289580154418945312e+01;-1.739447212219238281e+01
-5.414203166961669922e+00;-2.285712623596191406e+01;-1.734363746643066406e+01
-5.439404964447021484e+00;-2.280003738403320312e+01;-1.726549720764160156e+01
-5.464606285095214844e+00;-2.274294853210449219e+01;-1.718735885620117188e+01
-5.475951671600341797e+00;-2.271724891662597656e+01;-1.715218162536621094e+01
-5.532839775085449219e+00;-2.267492866516113281e+01;-1.708166503906250000e+01
-5.543182373046875000e+00;-2.266723442077636719e+01;-1.706884384155273438e+01
-5.605908393859863281e+00;-2.263086891174316406e+01;-1.699997520446777344e+01
-5.668634891510009766e+00;-2.259450340270996094e+01;-1.693110466003417969e+01
-5.674875736236572266e+00;-2.259088516235351562e+01;-1.692425346374511719e+01
-5.713268280029296875e+00;-2.255233383178710938e+01;-1.684832382202148438e+01
-5.745385169982910156e+00;-2.250975799560546875e+01;-1.676373100280761719e+01
-5.777502536773681641e+00;-2.246718406677246094e+01;-1.667914009094238281e+01
-5.809619426727294922e+00;-2.242460823059082031e+01;-1.659454727172851562e+01
-5.814978122711181641e+00;-2.241750526428222656e+01;-1.658043289184570312e+01
-5.817040920257568359e+00;-2.239063835144042969e+01;-1.648413085937500000e+01
-5.817325592041015625e+00;-2.238693428039550781e+01;-1.647085380554199219e+01
-5.818959712982177734e+00;-2.232715797424316406e+01;-1.639070320129394531e+01
-5.820593357086181641e+00;-2.226738357543945312e+01;-1.631055068969726562e+01
-5.822227478027343750e+00;-2.220760726928710938e+01;-1.623040008544921875e+01
-5.823861598968505859e+00;-2.214783096313476562e+01;-1.615024948120117188e+01
-5.825495719909667969e+00;-2.208805656433105469e+01;-1.607009887695312500e+01
-5.827129364013671875e+00;-2.202828025817871094e+01;-1.598994731903076172e+01
-5.828763484954833984e+00;-2.196850395202636719e+01;-1.590979576110839844e+01
-5.829551696777343750e+00;-2.193967056274414062e+01;-1.587113380432128906e+01
-5.829567432403564453e+00;-2.187374687194824219e+01;-1.579594039916992188e+01
-5.829583168029785156e+00;-2.180782318115234375e+01;-1.572074699401855469e+01
-5.831379413604736328e+00;-2.177901840209960938e+01;-1.568491172790527344e+01
-5.841237068176269531e+00;-2.171889495849609375e+01;-1.560561561584472656e+01
-5.851094722747802734e+00;-2.165876960754394531e+01;-1.552631855010986328e+01
-5.859289169311523438e+00;-2.160220336914062500e+01;-1.545198345184326172e+01
-5.850058078765869141e+00;-2.154520034790039062e+01;-1.537034130096435547e+01
-5.840826511383056641e+00;-2.148819732666015625e+01;-1.528869915008544922e+01
-5.831595420837402344e+00;-2.143119430541992188e+01;-1.520705699920654297e+01
-5.833771705627441406e+00;-2.138854789733886719e+01;-1.516688537597656250e+01
-5.839848995208740234e+00;-2.132634925842285156e+01;-1.508881950378417969e+01
-5.840307235717773438e+00;-2.132165718078613281e+01;-1.508293151855468750e+01
-5.820347309112548828e+00;-2.125035095214843750e+01;-1.501572322845458984e+01
-5.800387859344482422e+00;-2.117904281616210938e+01;-1.494851493835449219e+01
-5.780427932739257812e+00;-2.110773658752441406e+01;-1.488130760192871094e+01
-5.760468006134033203e+00;-2.103643035888671875e+01;-1.481409931182861328e+01
-5.758126258850097656e+00;-2.102806282043457031e+01;-1.480621337890625000e+01
-5.742249488830566406e+00;-2.096352386474609375e+01;-1.473149681091308594e+01
-5.726373195648193359e+00;-2.089898300170898438e+01;-1.465678024291992188e+01
-5.720861911773681641e+00;-2.087657928466796875e+01;-1.463084411621093750e+01
-5.718936920166015625e+00;-2.081140899658203125e+01;-1.455502033233642578e+01
-5.718394279479980469e+00;-2.079303932189941406e+01;-1.453364658355712891e+01
-5.703297615051269531e+00;-2.071922111511230469e+01;-1.446789646148681641e+01
-5.688200473785400391e+00;-2.064540481567382812e+01;-1.440214633941650391e+01
-5.673103809356689453e+00;-2.057158660888671875e+01;-1.433639621734619141e+01
-5.658007144927978516e+00;-2.049777030944824219e+01;-1.427064609527587891e+01
-5.642910003662109375e+00;-2.042395210266113281e+01;-1.420489597320556641e+01
-5.642224788665771484e+00;-2.042081642150878906e+01;-1.420219326019287109e+01
-5.621178627014160156e+00;-2.034281349182128906e+01;-1.414326572418212891e+01
-5.619685649871826172e+00;-2.033727836608886719e+01;-1.413908481597900391e+01
-5.610344409942626953e+00;-2.026335334777832031e+01;-1.407239246368408203e+01
-5.607762813568115234e+00;-2.024292373657226562e+01;-1.405396080017089844e+01
-5.584417819976806641e+00;-2.017551803588867188e+01;-1.398387813568115234e+01
-5.561073303222656250e+00;-2.010811424255371094e+01;-1.391379547119140625e+01
-5.537728309631347656e+00;-2.004070854187011719e+01;-1.384371280670166016e+01
-5.520018100738525391e+00;-1.998957252502441406e+01;-1.379054450988769531e+01
-5.491576194763183594e+00;-1.995142745971679688e+01;-1.372397136688232422e+01
-5.481289863586425781e+00;-1.993962478637695312e+01;-1.362520408630371094e+01
-5.479614257812500000e+00;-1.993770217895507812e+01;-1.360911655426025391e+01
-5.471794128417968750e+00;-1.992483711242675781e+01;-1.351025676727294922e+01
-5.468801498413085938e+00;-1.991991233825683594e+01;-1.347242259979248047e+01
-5.468775272369384766e+00;-1.991390419006347656e+01;-1.337260341644287109e+01
-5.468749046325683594e+00;-1.990789413452148438e+01;-1.327278423309326172e+01
-5.468722820281982422e+00;-1.990188598632812500e+01;-1.317296504974365234e+01
-5.468697071075439453e+00;-1.989587593078613281e+01;-1.307314586639404297e+01
-5.468670845031738281e+00;-1.988986778259277344e+01;-1.297332572937011719e+01
-5.468644618988037109e+00;-1.988385772705078125e+01;-1.287350654602050781e+01
-5.468618392944335938e+00;-1.987784957885742188e+01;-1.277368736267089844e+01
-5.468597888946533203e+00;-1.987313461303710938e+01;-1.269538021087646484e+01
-5.453788757324218750e+00;-1.988773536682128906e+01;-1.259756660461425781e+01
-5.438979625701904297e+00;-1.990233612060546875e+01;-1.249975299835205078e+01
-5.424170494079589844e+00;-1.991693687438964844e+01;-1.240193939208984375e+01
-5.409361362457275391e+00;-1.993153572082519531e+01;-1.230412578582763672e+01
-5.394552230834960938e+00;-1.994613647460937500e+01;-1.220631217956542969e+01
-5.387971401214599609e+00;-1.995262527465820312e+01;-1.216284465789794922e+01
-5.375288963317871094e+00;-1.998587799072265625e+01;-1.206939220428466797e+01
-5.362607002258300781e+00;-2.001913261413574219e+01;-1.197593975067138672e+01
-5.362149715423583984e+00;-2.002033042907714844e+01;-1.197257137298583984e+01
-5.358606338500976562e+00;-2.005512046813964844e+01;-1.187888526916503906e+01
-5.355062961578369141e+00;-2.008991241455078125e+01;-1.178519916534423828e+01
-5.354607105255126953e+00;-2.009438705444335938e+01;-1.177314853668212891e+01
-5.371771812438964844e+00;-2.012528038024902344e+01;-1.167960166931152344e+01
-5.388936042785644531e+00;-2.015617370605468750e+01;-1.158605480194091797e+01
-5.406100749969482422e+00;-2.018706703186035156e+01;-1.149250793457031250e+01
-5.406120300292968750e+00;-2.018710136413574219e+01;-1.149240207672119141e+01
-5.431069850921630859e+00;-2.022297668457031250e+01;-1.140245532989501953e+01
-5.456018924713134766e+00;-2.025885200500488281e+01;-1.131250762939453125e+01
-5.459955692291259766e+00;-2.026451301574707031e+01;-1.129831600189208984e+01
-5.499173164367675781e+00;-2.031339073181152344e+01;-1.122038745880126953e+01
-5.538390636444091797e+00;-2.036227035522460938e+01;-1.114245796203613281e+01
-5.577608108520507812e+00;-2.041114807128906250e+01;-1.106452941894531250e+01
-5.591611385345458984e+00;-2.042860031127929688e+01;-1.103670406341552734e+01
-5.653472900390625000e+00;-2.045690727233886719e+01;-1.096341133117675781e+01
-5.715333938598632812e+00;-2.048521614074707031e+01;-1.089011764526367188e+01
-5.728618621826171875e+00;-2.049269676208496094e+01;-1.087381172180175781e+01
-5.793248653411865234e+00;-2.052332305908203125e+01;-1.080391883850097656e+01
-5.857879161834716797e+00;-2.055394935607910156e+01;-1.073402690887451172e+01
-5.922509193420410156e+00;-2.058457565307617188e+01;-1.066413402557373047e+01
-5.987139225006103516e+00;-2.061520195007324219e+01;-1.059424209594726562e+01
-6.051769256591796875e+00;-2.064582824707031250e+01;-1.052434921264648438e+01
-6.116399765014648438e+00;-2.067645454406738281e+01;-1.045445632934570312e+01
-6.176182746887207031e+00;-2.070618057250976562e+01;-1.038808727264404297e+01
-6.243223190307617188e+00;-2.073947715759277344e+01;-1.032177734375000000e+01
-6.302501678466796875e+00;-2.076891708374023438e+01;-1.026314544677734375e+01
-6.359213829040527344e+00;-2.079354286193847656e+01;-1.019862270355224609e+01
-6.419169902801513672e+00;-2.082408714294433594e+01;-1.012622356414794922e+01
-6.477008342742919922e+00;-2.084103775024414062e+01;-1.004642772674560547e+01
-6.534846782684326172e+00;-2.085798835754394531e+01;-9.966631889343261719e+00
-6.592685222625732422e+00;-2.087493896484375000e+01;-9.886836051940917969e+00
-6.627985954284667969e+00;-2.088554954528808594e+01;-9.837992668151855469e+00
-6.680008888244628906e+00;-2.091593742370605469e+01;-9.758178710937500000e+00
-6.732032299041748047e+00;-2.094632339477539062e+01;-9.678365707397460938e+00
-6.798362255096435547e+00;-2.096831703186035156e+01;-9.621657371520996094e+00
-6.891807556152343750e+00;-2.096729278564453125e+01;-9.586063385009765625e+00
-6.985252380371093750e+00;-2.096626853942871094e+01;-9.550468444824218750e+00
-7.078697681427001953e+00;-2.096524429321289062e+01;-9.514874458312988281e+00
-7.140351772308349609e+00;-2.096456909179687500e+01;-9.491389274597167969e+00
-7.226882457733154297e+00;-2.095751190185546875e+01;-9.441763877868652344e+00
-7.313413143157958984e+00;-2.095045661926269531e+01;-9.392138481140136719e+00
-7.399943351745605469e+00;-2.094339942932128906e+01;-9.342514038085937500e+00
-7.412250041961669922e+00;-2.094239616394042969e+01;-9.335455894470214844e+00
-7.506434440612792969e+00;-2.092449188232421875e+01;-9.307018280029296875e+00
-7.600619316101074219e+00;-2.090658760070800781e+01;-9.278580665588378906e+00
-7.694803714752197266e+00;-2.088868331909179688e+01;-9.250142097473144531e+00
-7.788166999816894531e+00;-2.087093544006347656e+01;-9.221952438354492188e+00
-7.874820232391357422e+00;-2.083231163024902344e+01;-9.190338134765625000e+00
-7.961472988128662109e+00;-2.079368972778320312e+01;-9.158722877502441406e+00
-8.048126220703125000e+00;-2.075506591796875000e+01;-9.127108573913574219e+00
-8.134778976440429688e+00;-2.071644210815429688e+01;-9.095493316650390625e+00
-8.173306465148925781e+00;-2.069927024841308594e+01;-9.081437110900878906e+00
-8.260083198547363281e+00;-2.067514610290527344e+01;-9.037988662719726562e+00
-8.346860885620117188e+00;-2.065102195739746094e+01;-8.994540214538574219e+00
-8.433637619018554688e+00;-2.062689781188964844e+01;-8.951091766357421875e+00
-8.455146789550781250e+00;-2.062091827392578125e+01;-8.940322875976562500e+00
-8.535742759704589844e+00;-2.057619857788085938e+01;-8.901535034179687500e+00
-8.616337776184082031e+00;-2.053147888183593750e+01;-8.862746238708496094e+00
-8.696933746337890625e+00;-2.048675918579101562e+01;-8.823958396911621094e+00
-8.777528762817382812e+00;-2.044203948974609375e+01;-8.785170555114746094e+00
-8.790915489196777344e+00;-2.043461227416992188e+01;-8.778727531433105469e+00
-8.867261886596679688e+00;-2.040097045898437500e+01;-8.723597526550292969e+00
-8.943609237670898438e+00;-2.036732673645019531e+01;-8.668466567993164062e+00
-9.019955635070800781e+00;-2.033368492126464844e+01;-8.613336563110351562e+00
-9.096302986145019531e+00;-2.030004310607910156e+01;-8.558206558227539062e+00
-9.129847526550292969e+00;-2.028526115417480469e+01;-8.533983230590820312e+00
-9.203756332397460938e+00;-2.024523925781250000e+01;-8.479801177978515625e+00
-9.227410316467285156e+00;-2.023242950439453125e+01;-8.462460517883300781e+00
-9.312693595886230469e+00;-2.019526290893554688e+01;-8.425780296325683594e+00
-9.367920875549316406e+00;-2.016477966308593750e+01;-8.393405914306640625e+00
-9.402248382568359375e+00;-2.013998031616210938e+01;-8.372218132019042969e+00
-9.478399276733398438e+00;-2.009816169738769531e+01;-8.322697639465332031e+00
-9.554549217224121094e+00;-2.005634307861328125e+01;-8.273177146911621094e+00
-9.630700111389160156e+00;-2.001452445983886719e+01;-8.223655700683593750e+00
-9.643077850341796875e+00;-2.000772666931152344e+01;-8.215606689453125000e+00
-9.701985359191894531e+00;-1.996043968200683594e+01;-8.150078773498535156e+00
-9.760892868041992188e+00;-1.991315460205078125e+01;-8.084550857543945312e+00
-9.811897277832031250e+00;-1.987221145629882812e+01;-8.027813911437988281e+00
-9.874320983886718750e+00;-1.983339500427246094e+01;-7.960015773773193359e+00
-9.919568061828613281e+00;-1.980525779724121094e+01;-7.910872459411621094e+00
-9.985485076904296875e+00;-1.975736236572265625e+01;-7.852897644042968750e+00
-1.005140113830566406e+01;-1.970946884155273438e+01;-7.794922828674316406e+00
-1.011731815338134766e+01;-1.966157341003417969e+01;-7.736948013305664062e+00
-1.014772987365722656e+01;-1.963947677612304688e+01;-7.710200309753417969e+00
-1.018014430999755859e+01;-1.958537292480468750e+01;-7.632598400115966797e+00
-1.021255970001220703e+01;-1.953126907348632812e+01;-7.554996967315673828e+00
-1.024497413635253906e+01;-1.947716522216796875e+01;-7.477395057678222656e+00
-1.027738857269287109e+01;-1.942305946350097656e+01;-7.399793148040771484e+00
-1.028980159759521484e+01;-1.940234184265136719e+01;-7.370076656341552734e+00
-1.032098197937011719e+01;-1.936049842834472656e+01;-7.299063205718994141e+00
-1.035885810852050781e+01;-1.930300903320312500e+01;-7.226534843444824219e+00
-1.039673519134521484e+01;-1.924551963806152344e+01;-7.154006958007812500e+00
-1.043461132049560547e+01;-1.918803024291992188e+01;-7.081478595733642578e+00
-1.044806766510009766e+01;-1.916760635375976562e+01;-7.055711746215820312e+00
-1.044983959197998047e+01;-1.910605239868164062e+01;-6.976921081542968750e+00
-1.045000076293945312e+01;-1.910046386718750000e+01;-6.969767093658447266e+00
-1.047401905059814453e+01;-1.901024818420410156e+01;-6.933929920196533203e+00
-1.049803733825683594e+01;-1.892003250122070312e+01;-6.898093223571777344e+00
-1.052205467224121094e+01;-1.882981681823730469e+01;-6.862256050109863281e+00
-1.054607295989990234e+01;-1.873960113525390625e+01;-6.826418876647949219e+00
-1.057009124755859375e+01;-1.864938545227050781e+01;-6.790582180023193359e+00
-1.059410953521728516e+01;-1.855916976928710938e+01;-6.754745006561279297e+00
-1.061812686920166016e+01;-1.846895599365234375e+01;-6.718907833099365234e+00
-1.064214515686035156e+01;-1.837874031066894531e+01;-6.683071136474609375e+00
-1.066616344451904297e+01;-1.828852462768554688e+01;-6.647233963012695312e+00
-1.069018173217773438e+01;-1.819830894470214844e+01;-6.611397266387939453e+00
-1.070186328887939453e+01;-1.815443038940429688e+01;-6.593966960906982422e+00
-1.073265457153320312e+01;-1.807036018371582031e+01;-6.549425125122070312e+00
-1.076344585418701172e+01;-1.798628807067871094e+01;-6.504883289337158203e+00
-1.079423809051513672e+01;-1.790221786499023438e+01;-6.460341453552246094e+00
-1.079987525939941406e+01;-1.788682556152343750e+01;-6.452186584472656250e+00
-1.084779357910156250e+01;-1.780061340332031250e+01;-6.435717105865478516e+00
-1.089571094512939453e+01;-1.771439933776855469e+01;-6.419248104095458984e+00
-1.094362926483154297e+01;-1.762818717956542969e+01;-6.402778625488281250e+00
-1.099154663085937500e+01;-1.754197502136230469e+01;-6.386309146881103516e+00
-1.103425598144531250e+01;-1.746513366699218750e+01;-6.371630191802978516e+00
-1.107534027099609375e+01;-1.737740898132324219e+01;-6.346798896789550781e+00
-1.111541366577148438e+01;-1.729184341430664062e+01;-6.322578430175781250e+00
-1.117317676544189453e+01;-1.722951316833496094e+01;-6.269868850708007812e+00
-1.123093986511230469e+01;-1.716718101501464844e+01;-6.217159271240234375e+00
-1.128870201110839844e+01;-1.710485076904296875e+01;-6.164449214935302734e+00
-1.132136726379394531e+01;-1.706960296630859375e+01;-6.134642124176025391e+00
-1.138055229187011719e+01;-1.699713325500488281e+01;-6.099351406097412109e+00
-1.143973731994628906e+01;-1.692466545104980469e+01;-6.064061164855957031e+00
-1.149892234802246094e+01;-1.685219573974609375e+01;-6.028770446777343750e+00
-1.155810642242431641e+01;-1.677972793579101562e+01;-5.993479728698730469e+00
-1.158403205871582031e+01;-1.674798393249511719e+01;-5.978021144866943359e+00
-1.164809131622314453e+01;-1.668211746215820312e+01;-5.938549995422363281e+00
-1.170234107971191406e+01;-1.662633705139160156e+01;-5.905122756958007812e+00
-1.177303123474121094e+01;-1.658825874328613281e+01;-5.845515727996826172e+00
-1.184372138977050781e+01;-1.655018234252929688e+01;-5.785908222198486328e+00
-1.191441059112548828e+01;-1.651210403442382812e+01;-5.726301193237304688e+00
-1.198510074615478516e+01;-1.647402572631835938e+01;-5.666693687438964844e+00
-1.205579090118408203e+01;-1.643594932556152344e+01;-5.607086658477783203e+00
-1.212648105621337891e+01;-1.639787101745605469e+01;-5.547479152679443359e+00
-1.219717121124267578e+01;-1.635979461669921875e+01;-5.487872123718261719e+00
-1.222156620025634766e+01;-1.634665298461914062e+01;-5.467301368713378906e+00
-1.229306983947753906e+01;-1.629576110839843750e+01;-5.419372081756591797e+00
-1.236457443237304688e+01;-1.624486923217773438e+01;-5.371442794799804688e+00
-1.243607807159423828e+01;-1.619397735595703125e+01;-5.323513507843017578e+00
-1.250758171081542969e+01;-1.614308547973632812e+01;-5.275584220886230469e+00
-1.257908630371093750e+01;-1.609219551086425781e+01;-5.227654933929443359e+00
-1.264876937866210938e+01;-1.604259872436523438e+01;-5.180945873260498047e+00
-1.272809982299804688e+01;-1.599651145935058594e+01;-5.141163825988769531e+00
-1.280743026733398438e+01;-1.595042419433593750e+01;-5.101381301879882812e+00
-1.288676071166992188e+01;-1.590433597564697266e+01;-5.061599254608154297e+00
-1.289745616912841797e+01;-1.589812278747558594e+01;-5.056235790252685547e+00
-1.296897315979003906e+01;-1.585032463073730469e+01;-5.005239009857177734e+00
-1.304049015045166016e+01;-1.580252647399902344e+01;-4.954242706298828125e+00
-1.311200714111328125e+01;-1.575472736358642578e+01;-4.903245925903320312e+00
-1.318352413177490234e+01;-1.570692920684814453e+01;-4.852249622344970703e+00
-1.322969150543212891e+01;-1.567607307434082031e+01;-4.819328784942626953e+00
-1.330554676055908203e+01;-1.563185596466064453e+01;-4.771466732025146484e+00
-1.338140296936035156e+01;-1.558763790130615234e+01;-4.723605155944824219e+00
-1.340629863739013672e+01;-1.557312583923339844e+01;-4.707896709442138672e+00
-1.347735309600830078e+01;-1.551601505279541016e+01;-4.666790962219238281e+00
-1.354840660095214844e+01;-1.545890426635742188e+01;-4.625685214996337891e+00
-1.355687999725341797e+01;-1.545209407806396484e+01;-4.620783329010009766e+00
-1.363055515289306641e+01;-1.542132949829101562e+01;-4.560570716857910156e+00
-1.370422935485839844e+01;-1.539056396484375000e+01;-4.500358581542968750e+00
-1.377790451049804688e+01;-1.535979938507080078e+01;-4.440145969390869141e+00
-1.385157966613769531e+01;-1.532903480529785156e+01;-4.379933834075927734e+00
-1.392525482177734375e+01;-1.529827022552490234e+01;-4.319721221923828125e+00
-1.399892902374267578e+01;-1.526750469207763672e+01;-4.259509086608886719e+00
-1.401497173309326172e+01;-1.526080608367919922e+01;-4.246397972106933594e+00
-1.409085655212402344e+01;-1.524763488769531250e+01;-4.219854831695556641e+00
-1.418576335906982422e+01;-1.522581863403320312e+01;-4.197123527526855469e+00
-1.428067016601562500e+01;-1.520400238037109375e+01;-4.174392223358154297e+00
-1.437557792663574219e+01;-1.518218612670898438e+01;-4.151661396026611328e+00
-1.447048473358154297e+01;-1.516036987304687500e+01;-4.128930091857910156e+00
-1.456539154052734375e+01;-1.513855361938476562e+01;-4.106198787689208984e+00
-1.466029834747314453e+01;-1.511673736572265625e+01;-4.083467483520507812e+00
-1.475520610809326172e+01;-1.509492111206054688e+01;-4.060736656188964844e+00
-1.485011291503906250e+01;-1.507310485839843750e+01;-4.038005352020263672e+00
-1.494144248962402344e+01;-1.505211067199707031e+01;-4.016130924224853516e+00
-1.498545837402343750e+01;-1.504420089721679688e+01;-4.000802040100097656e+00
-1.507959270477294922e+01;-1.502565288543701172e+01;-3.972612857818603516e+00
-1.517372798919677734e+01;-1.500710391998291016e+01;-3.944423437118530273e+00
-1.520000076293945312e+01;-1.500487422943115234e+01;-3.937948226928710938e+00
-1.529860782623291016e+01;-1.500428581237792969e+01;-3.921326637268066406e+00
-1.539721488952636719e+01;-1.500369834899902344e+01;-3.904705047607421875e+00
-1.549582195281982422e+01;-1.500310993194580078e+01;-3.888083457946777344e+00
-1.559442996978759766e+01;-1.500252246856689453e+01;-3.871461868286132812e+00
-1.564587211608886719e+01;-1.500221538543701172e+01;-3.862790584564208984e+00
-1.572397232055664062e+01;-1.504413986206054688e+01;-3.816500663757324219e+00
-1.580207157135009766e+01;-1.508606433868408203e+01;-3.770210742950439453e+00
-1.588017177581787109e+01;-1.512798881530761719e+01;-3.723920822143554688e+00
-1.595827102661132812e+01;-1.516991329193115234e+01;-3.677630662918090820e+00
-1.603637123107910156e+01;-1.521183776855468750e+01;-3.631340742111206055e+00
-1.611447143554687500e+01;-1.525376224517822266e+01;-3.585050821304321289e+00
-1.619256973266601562e+01;-1.529568672180175781e+01;-3.538760900497436523e+00
-1.620446395874023438e+01;-1.530207157135009766e+01;-3.531711578369140625e+00
-1.626337623596191406e+01;-1.532351016998291016e+01;-3.453803062438964844e+00
-1.632228851318359375e+01;-1.534494876861572266e+01;-3.375894546508789062e+00
-1.638120079040527344e+01;-1.536638736724853516e+01;-3.297986030578613281e+00
-1.644011306762695312e+01;-1.538782596588134766e+01;-3.220077514648437500e+00
-1.649902534484863281e+01;-1.540926456451416016e+01;-3.142168998718261719e+00
-1.655793762207031250e+01;-1.543070411682128906e+01;-3.064260721206665039e+00
-1.661684989929199219e+01;-1.545214271545410156e+01;-2.986352205276489258e+00
-1.667576217651367188e+01;-1.547358131408691406e+01;-2.908443689346313477e+00
-1.673467445373535156e+01;-1.549501991271972656e+01;-2.830535173416137695e+00
-1.679358673095703125e+01;-1.551645851135253906e+01;-2.752626657485961914e+00
-1.685249900817871094e+01;-1.553789710998535156e+01;-2.674718141555786133e+00
-1.691141128540039062e+01;-1.555933570861816406e+01;-2.596809625625610352e+00
-1.691584205627441406e+01;-1.556094837188720703e+01;-2.590949296951293945e+00
-1.692317199707031250e+01;-1.556821060180664062e+01;-2.491482973098754883e+00
-1.693050193786621094e+01;-1.557547187805175781e+01;-2.392016887664794922e+00
-1.693783187866210938e+01;-1.558273410797119141e+01;-2.292550563812255859e+00
-1.694516181945800781e+01;-1.558999633789062500e+01;-2.193084239959716797e+00
-1.695249176025390625e+01;-1.559725761413574219e+01;-2.093617916107177734e+00
-1.695982170104980469e+01;-1.560451984405517578e+01;-1.994151711463928223e+00
-1.696474075317382812e+01;-1.560939311981201172e+01;-1.927404403686523438e+00
-1.696270179748535156e+01;-1.561929893493652344e+01;-1.827917098999023438e+00
-1.696066093444824219e+01;-1.562920475006103516e+01;-1.728429913520812988e+00
-1.695980453491210938e+01;-1.563336372375488281e+01;-1.686660528182983398e+00
-1.697414207458496094e+01;-1.564796161651611328e+01;-1.588776230812072754e+00
-1.698847961425781250e+01;-1.566255950927734375e+01;-1.490891933441162109e+00
-1.700281715393066406e+01;-1.567715740203857422e+01;-1.393007636070251465e+00
-1.701715469360351562e+01;-1.569175529479980469e+01;-1.295123338699340820e+00
-1.703149414062500000e+01;-1.570635318756103516e+01;-1.197239160537719727e+00
-1.704583168029785156e+01;-1.572095108032226562e+01;-1.099354863166809082e+00
-1.706016921997070312e+01;-1.573554801940917969e+01;-1.001470565795898438e+00
-1.706847572326660156e+01;-1.574400615692138672e+01;-9.447581171989440918e-01
-1.707771682739257812e+01;-1.575927448272705078e+01;-8.463635444641113281e-01
-1.708695602416992188e+01;-1.577454376220703125e+01;-7.479690313339233398e-01
-1.709509086608886719e+01;-1.577999210357666016e+01;-7.013641595840454102e-01
-1.711168289184570312e+01;-1.579305267333984375e+01;-6.036188602447509766e-01
-1.712827301025390625e+01;-1.580611419677734375e+01;-5.058735609054565430e-01
-1.714486503601074219e+01;-1.581917476654052734e+01;-4.081282317638397217e-01
-1.715677070617675781e+01;-1.582854843139648438e+01;-3.379817008972167969e-01
-1.715956687927246094e+01;-1.583348178863525391e+01;-3.046475350856781006e-01
-1.719581222534179688e+01;-1.583688640594482422e+01;-2.115096598863601685e-01
-1.723205757141113281e+01;-1.584029102325439453e+01;-1.183717921376228333e-01
-1.726830291748046875e+01;-1.584369564056396484e+01;-2.523392066359519958e-02
-1.730455017089843750e+01;-1.584710025787353516e+01;6.790395081043243408e-02
-1.734079551696777344e+01;-1.585050487518310547e+01;1.610418260097503662e-01
-1.737704086303710938e+01;-1.585390949249267578e+01;2.541796863079071045e-01
-1.741328620910644531e+01;-1.585731410980224609e+01;3.473175764083862305e-01
-1.744953155517578125e+01;-1.586071872711181641e+01;4.404554367065429688e-01
-1.746234512329101562e+01;-1.586192226409912109e+01;4.733806848526000977e-01
-1.749893379211425781e+01;-1.584640026092529297e+01;5.651428103446960449e-01
-1.751186752319335938e+01;-1.584091377258300781e+01;5.975775718688964844e-01
-1.759294509887695312e+01;-1.586770153045654297e+01;6.496252417564392090e-01
-1.767402076721191406e+01;-1.589448928833007812e+01;7.016728520393371582e-01
-1.770209121704101562e+01;-1.593209743499755859e+01;7.379692196846008301e-01
-1.779071617126464844e+01;-1.589010810852050781e+01;7.575245499610900879e-01
-1.787934303283691406e+01;-1.584811973571777344e+01;7.770798802375793457e-01
-1.796796798706054688e+01;-1.580613040924072266e+01;7.966352701187133789e-01
-1.805659484863281250e+01;-1.576414108276367188e+01;8.161906003952026367e-01
-1.806336212158203125e+01;-1.576093482971191406e+01;8.176839947700500488e-01
-1.814794921875000000e+01;-1.570885086059570312e+01;8.291911482810974121e-01
-1.823253440856933594e+01;-1.565676689147949219e+01;8.406982421875000000e-01
-1.831712150573730469e+01;-1.560468292236328125e+01;8.522053956985473633e-01
-1.840170669555664062e+01;-1.555259799957275391e+01;8.637124896049499512e-01
-1.848629379272460938e+01;-1.550051403045654297e+01;8.752196431159973145e-01
-1.857087898254394531e+01;-1.544843006134033203e+01;8.867267966270446777e-01
-1.863583183288574219e+01;-1.540843582153320312e+01;8.955628871917724609e-01
-1.869687271118164062e+01;-1.537985134124755859e+01;9.422749280929565430e-01
-1.875458145141601562e+01;-1.537488460540771484e+01;1.023791909217834473e+00
-1.875692939758300781e+01;-1.537468242645263672e+01;1.027108192443847656e+00
-1.881124877929687500e+01;-1.536053371429443359e+01;1.109868526458740234e+00
-1.886556816101074219e+01;-1.534638500213623047e+01;1.192628741264343262e+00
-1.891988563537597656e+01;-1.533223628997802734e+01;1.275389075279235840e+00
-1.897420501708984375e+01;-1.531808757781982422e+01;1.358149290084838867e+00
-1.902852439880371094e+01;-1.530393886566162109e+01;1.440909624099731445e+00
-1.908142089843750000e+01;-1.529016017913818359e+01;1.521502971649169922e+00
-1.916185379028320312e+01;-1.528787994384765625e+01;1.580876588821411133e+00
-1.920505332946777344e+01;-1.528308010101318359e+01;1.615420222282409668e+00
-1.926077461242675781e+01;-1.526879310607910156e+01;1.697218298912048340e+00
-1.931649780273437500e+01;-1.525450611114501953e+01;1.779016375541687012e+00
-1.937221908569335938e+01;-1.524022006988525391e+01;1.860814452171325684e+00
-1.942794227600097656e+01;-1.522593307495117188e+01;1.942612528800964355e+00
-1.948366355895996094e+01;-1.521164608001708984e+01;2.024410724639892578e+00
-1.953938674926757812e+01;-1.519735908508300781e+01;2.106208801269531250e+00
-1.954000473022460938e+01;-1.519720077514648438e+01;2.107116460800170898e+00
-1.962434005737304688e+01;-1.517909240722656250e+01;2.157710313796997070e+00
-1.970867347717285156e+01;-1.516098403930664062e+01;2.208303928375244141e+00
-1.974057006835937500e+01;-1.515413570404052734e+01;2.227438688278198242e+00
-1.981395339965820312e+01;-1.513212871551513672e+01;2.291708230972290039e+00
-1.986187934875488281e+01;-1.511901473999023438e+01;2.362337112426757812e+00
