2 57.5797 56.4425 28.007 57.5352 56.4506 27.3714
2 45.1445 52.3908 43.2926 45.1822 52.5681 42.2351
2 45.1445 52.3908 43.2926 45.1166 52.3533 43.8867
2 47.2703 68.0411 42.8108 46.9002 68.0461 43.2627
2 48.129 68.0396 41.7432 47.7944 68.0321 42.1745
2 56.9756 43.7788 42.9667 56.9952 43.7864 43.359
2 57.7375 58.1423 41.4932 57.7788 58.1691 42.042
2 70.2163 50.5499 44.4344 70.1966 50.5254 43.859
2 70.1844 66.7719 42.187 69.9726 66.9257 41.957
2 70.1966 50.5254 43.859 70.1697 50.5107 43.4475
2 51.5447 54.4919 62.5408 52.4278 55.3359 63.409
2 59.2861 56.6595 61.1502 59.0975 57.0487 61.4821
2 54.5849 53.4468 78.8185 54.8568 53.9125 78.664
2 58.992 64.28 77.6947 59.1319 64.7954 77.7452
2 73.331 59.9503 77.5124 74.7359 60.277 77.7267
2 45.1166 52.3533 43.8867 45.0771 52.4532 44.4366
2 47.7944 68.0321 42.1745 47.5027 68.0365 42.5295
2 57.8424 58.1942 43.2033 57.7856 58.1704 42.5127
2 70.4014 66.6154 42.4124 70.1844 66.7719 42.187
2 58.6907 57.8782 62.1986 58.3893 58.4928 61.7715
2 58.6907 57.8782 62.1986 58.9125 57.4253 61.8882
2 59.8963 55.1856 60.6902 59.6334 55.8826 60.9664
2 54.2413 52.8135 78.9986 54.5849 53.4468 78.8185
2 56.6698 57.5099 12.1348 56.6917 57.3844 13.1155
2 45.3134 68.3157 44.8827 45.6748 68.2186 44.5645
2 57.0209 43.7965 43.8598 57.0636 43.8078 44.4939
2 57.0636 43.8078 44.4939 57.0529 43.8682 45.6876
2 58.6896 57.8764 63.0335 58.6622 57.9078 63.4496
2 58.6907 57.8782 62.1986 58.6896 57.8764 63.0335
2 56.6917 57.3844 13.1155 56.7752 57.2867 14.0027
2 68.7168 65.599 29.0886 68.5639 65.7268 29.3701
2 45.0652 52.0061 45.716 45.084 51.7474 45.937
2 70.3808 50.8406 44.8792 69.9301 49.996 45.4824
2 57.646 56.4308 28.9889 57.6208 56.4359 28.6087
2 45.0996 51.5242 46.1227 45.084 51.7474 45.937
2 45.0083 52.7728 45.0699 45.0467 52.3043 45.3897
2 57.9921 58.244 45.3187 57.9577 58.2385 44.7422
2 57.0297 43.94 46.8631 57.0355 43.9062 46.3428
2 71.8888 65.2075 44.5596 71.9829 64.8263 45.1421
2 55.5909 57.315 64.6812 56.1455 57.5359 64.8811
2 54.6759 59.1075 79.0577 54.1223 59.8519 79.5048
2 56.8479 57.2534 14.3883 56.9544 57.2061 14.9521
2 49.142 52.0079 29.6101 48.7067 51.9495 30.6522
2 57.6901 56.4278 29.5931 57.7166 56.422 29.997
2 68.3876 65.8735 29.6214 68.5639 65.7268 29.3701
2 45.0978 49.3015 47.3025 44.6576 49.0252 47.3191
2 46.1315 68.1069 44.1421 46.5694 68.0532 43.6671
2 48.3568 46.266 48.8091 48.8277 46.0393 48.8942
2 69.0085 48.3416 45.9463 68.6571 47.7877 46.2529
2 70.3808 50.8406 44.8792 70.6602 51.3551 44.9857
2 72.1741 54.3262 45.664 71.9746 53.9244 45.5578
2 69.9301 49.996 45.4824 69.6277 49.4399 45.5876
2 72.0726 64.3474 45.8154 71.9829 64.8263 45.1421
2 57.7013 57.9126 65.2135 58.3155 57.9782 65.207
2 58.3155 57.9782 65.207 58.4666 57.9848 65.651
2 58.4666 57.9848 65.651 58.6293 57.9949 65.9674
2 61.8163 72.3781 78.6728 62.0165 72.6195 78.7672
2 57.7616 56.4195 30.617 57.7923 56.3909 31.287
2 45.0996 51.5242 46.1227 45.181 50.9607 47.0874
2 45.0652 52.0061 45.716 45.0467 52.3043 45.3897
2 46.0506 48.1573 48.0037 46.7279 47.4117 48.3522
2 46.1315 68.1069 44.1421 45.6748 68.2186 44.5645
2 52.2409 45.0062 49.2495 52.9714 44.8727 49.2201
2 58.0857 58.1364 48.2272 58.0724 58.1658 47.6711
2 58.0944 58.1126 48.6138 58.0857 58.1364 48.2272
2 63.8301 70.7314 44.9069 64.2195 70.524 44.4823
2 72.919 55.8335 46.1686 73.0843 56.1701 46.2913
2 69.0085 48.3416 45.9463 69.2422 48.7321 45.799
2 71.0588 52.1002 45.0853 70.6602 51.3551 44.9857
2 72.919 55.8335 46.1686 72.5606 55.106 45.8892
2 69.9301 49.996 45.4824 70.0666 50.237 45.9939
2 72.1122 63.781 46.5377 72.0726 64.3474 45.8154
2 54.0049 56.46 64.2321 54.5057 56.7538 64.4152
2 55.5909 57.315 64.6812 54.5057 56.7538 64.4152
2 58.514 57.9829 64.541 58.63 57.954 64.0223
2 55.6242 55.2301 78.2205 56.0244 55.7699 77.9885
2 56.0821 57.7717 78.0345 56.3247 57.6165 77.8762
2 48.5072 51.9498 31.1318 48.2458 51.9908 31.7555
2 68.3876 65.8735 29.6214 68.1126 66.0332 30.1192
2 44.6596 55.2371 45.9585 44.4872 55.8703 46.2957
2 46.9011 47.2373 48.4302 47.2687 46.9339 48.5541
2 44.884 53.6621 45.4938 44.8361 54.0403 45.5746
2 57.3154 44.0744 48.1822 57.1199 44.0234 47.6197
2 57.6341 44.1568 49.0269 57.3154 44.0744 48.1822
2 71.6747 53.3201 45.3979 71.4862 52.9421 45.2982
2 71.6747 53.3201 45.3979 71.8508 53.6749 45.492
2 71.9746 53.9244 45.5578 71.8508 53.6749 45.492
2 62.2662 72.922 78.9138 62.0165 72.6195 78.7672
2 56.9544 57.2061 14.9521 57.0447 57.1745 15.3441
2 57.0447 57.1745 15.3441 57.0951 57.145 15.6765
2 47.7259 52.2804 32.6913 47.9247 52.1658 32.3926
2 51.3436 68.2262 33.441 51.295 67.7521 34.411
2 57.8117 56.3938 31.7501 57.7923 56.3909 31.287
2 65.4261 66.2113 34.5711 65.6572 66.473 34.1695
2 44.3708 56.2391 46.6115 44.2043 56.7857 47.1813
2 57.7013 57.9126 65.2135 56.9278 57.814 65.1758
2 58.8021 57.9614 66.6905 58.7193 57.9825 66.2902
2 57.141 57.1044 16.183 57.1885 57.0713 16.5793
2 46.835 53.1871 34.677 47.1543 52.7842 33.8109
2 57.8595 56.4766 34.4218 57.9302 56.3083 33.8725
2 67.1757 66.3749 31.3568 67.3884 66.2946 31.0774
2 53.8227 44.7217 49.1822 54.4171 44.6312 49.219
2 53.8227 44.7217 49.1822 53.2909 44.8147 49.2012
2 57.6341 44.1568 49.0269 56.59 44.3042 49.1158
2 72.6757 62.2132 46.9824 72.5433 62.5635 46.9274
2 65.0138 74.1162 81.2373 64.7446 74.0231 81.0286
2 49.005 54.8982 36.3965 48.6078 54.7842 36.3841
2 56.6062 56.2069 36.2606 57.1905 56.6787 36.0464
2 54.0641 62.8667 36.5737 53.8519 63.1958 36.5241
2 51.5331 68.6508 32.6758 51.3436 68.2262 33.441
2 54.7195 61.7454 36.7378 54.4232 62.2987 36.6596
2 57.7071 57.336 36.5149 57.4931 57.8156 36.9986
2 57.7071 57.336 36.5149 58.6955 57.709 36.4674
2 57.8595 56.4766 34.4218 57.734 56.5694 34.7984
2 62.1874 56.5889 35.4177 62.6979 56.3554 35.3629
2 61.6442 56.8598 35.4953 62.1874 56.5889 35.4177
2 44.7875 54.855 50.5374 44.8831 54.494 50.7361
2 45.181 50.9607 47.0874 45.2178 51.5156 47.8448
2 44.7875 54.855 50.5374 44.5329 55.9443 50.1629
2 44.9265 68.2549 48.3991 45.0841 68.1971 48.8146
2 58.1052 58.076 49.1689 58.1306 57.9984 50.2053
2 55.7433 44.4217 49.1376 56.59 44.3042 49.1158
2 58.0614 58.1879 47.2358 58.0397 58.2159 46.5286
2 70.0667 50.2667 46.5288 70.0566 50.2833 46.9999
2 66.0298 74.6454 82.1775 66.3782 74.8151 82.497
2 57.1885 57.0713 16.5793 57.2395 57.024 17.124
2 47.2848 52.6147 33.4517 47.3944 52.4806 33.1676
2 53.3221 55.8885 36.5259 54.3371 56.0725 36.5149
2 55.3175 56.1702 36.4043 56.0492 54.9737 36.2365
2 55.3175 56.1702 36.4043 54.3371 56.0725 36.5149
2 56.6062 56.2069 36.2606 56.0492 54.9737 36.2365
2 55.074 61.1538 36.8223 55.4171 60.3963 36.9173
2 55.7706 59.9234 36.954 55.4171 60.3963 36.9173
2 66.2772 66.5953 32.8546 66.1044 66.6122 33.2414
2 45.2024 52.0852 48.725 45.1622 52.6014 49.1574
2 44.8042 68.2913 48.0332 44.9265 68.2549 48.3991
2 54.4171 44.6312 49.219 54.894 44.5589 49.2452
2 55.0988 44.5284 49.2554 54.894 44.5589 49.2452
2 58.1306 57.9984 50.2053 58.1426 57.9595 50.9508
2 58.0944 58.1126 48.6138 58.1052 58.076 49.1689
2 73.3471 60.2584 47.1642 73.2498 60.598 47.1662
2 75.6568 60.4847 77.8571 75.2495 60.3836 77.7956
2 74.7359 60.277 77.7267 75.2495 60.3836 77.7956
2 56.0876 53.8645 36.184 56.0492 54.9737 36.2365
2 65.6283 55.1012 35.0564 65.4066 55.209 35.0873
2 67.0551 54.1986 35.1149 66.7583 54.4243 35.0645
2 45.0978 49.3015 47.3025 45.4043 48.8875 47.6033
2 59.8832 43.9799 49.6373 60.5485 43.8905 49.4595
2 63.3977 43.8376 48.6853 63.8357 43.9623 48.5721
2 67.4261 45.9521 47.3027 66.9619 45.5315 47.5382
2 72.6757 62.2132 46.9824 72.7484 62.0182 47.011
2 73.1347 60.9584 47.1497 73.0079 61.3168 47.111
2 76.8772 60.5683 77.9712 76.9411 60.5666 77.9757
2 76.8772 60.5683 77.9712 76.4546 60.5457 77.9242
2 57.2395 57.024 17.124 57.317 56.9642 17.7709
2 54.4232 62.2987 36.6596 54.0641 62.8667 36.5737
2 51.3971 67.328 35.2905 51.295 67.7521 34.411
2 51.3971 67.328 35.2905 51.4988 67.0554 35.8093
2 56.1767 52.3799 36.1929 56.161 52.8182 36.1623
2 51.4988 67.0554 35.8093 51.6828 66.6974 36.3209
2 66.2924 54.7937 35.023 65.995 54.9362 35.0293
2 44.8831 54.494 50.7361 45.0123 53.9184 50.6343
2 45.2024 52.0852 48.725 45.2121 51.8423 48.4033
2 45.0123 53.9184 50.6343 45.0763 53.4502 50.1979
2 45.0971 53.8977 51.3154 45.0123 53.9184 50.6343
2 58.1523 57.9372 51.3607 58.1426 57.9595 50.9508
2 58.9379 44.3725 50.3559 59.4201 44.094 49.7688
2 58.164 57.9375 52.1397 58.1523 57.9372 51.3607
2 62.595 43.7034 48.9391 61.8934 43.7591 49.1169
2 70.0566 50.2833 46.9999 70.1077 50.4283 47.5836
2 70.1077 50.4283 47.5836 70.1563 50.6121 48.055
2 73.573 59.3014 47.1021 73.4557 59.8344 47.1453
2 65.0138 74.1162 81.2373 65.3208 74.2914 81.5278
2 52.0905 65.9231 36.2505 51.6828 66.6974 36.3209
2 67.6543 53.7411 35.2272 67.0551 54.1986 35.1149
2 45.1622 52.6014 49.1574 45.1176 53.0128 49.6618
2 45.6098 48.6682 47.7353 45.4043 48.8875 47.6033
2 45.6098 48.6682 47.7353 46.0506 48.1573 48.0037
2 70.1563 50.6121 48.055 70.1934 50.852 48.9102
2 59.3505 65.4863 77.7696 59.6918 66.5513 77.855
2 49.5796 55.0471 36.413 49.005 54.8982 36.3965
2 65.4261 66.2113 34.5711 65.1885 65.9311 35.0213
2 66.2924 54.7937 35.023 66.7583 54.4243 35.0645
2 45.1914 68.1703 49.0628 45.363 68.1544 49.4867
2 47.2687 46.9339 48.5541 47.632 46.6653 48.6598
2 55.7433 44.4217 49.1376 55.0988 44.5284 49.2554
2 58.0716 44.2117 49.4715 58.9379 44.3725 50.3559
2 59.8832 43.9799 49.6373 59.4201 44.094 49.7688
2 70.2146 51.0746 49.786 70.2223 51.2077 50.3455
2 51.3423 67.5633 37.2175 51.4538 67.2532 36.7233
2 65.1885 65.9311 35.0213 64.8488 65.5314 35.0299
2 48.8277 46.0393 48.8942 49.5896 45.7252 49.0114
2 49.5896 45.7252 49.0114 50.1769 45.5233 49.0843
2 50.1769 45.5233 49.0843 50.8925 45.3012 49.1895
2 58.2608 57.9461 53.6582 58.2844 57.9394 53.9832
2 58.2608 57.9461 53.6582 58.2368 57.9319 53.2274
2 61.1751 43.8241 49.302 61.8934 43.7591 49.1169
2 65.9449 44.8295 47.9836 66.2608 44.9504 47.9351
2 70.2185 51.3287 50.915 70.1716 51.5759 51.8432
2 59.3901 57.5954 71.0815 59.3181 57.6588 70.384
2 66.3782 74.8151 82.497 66.619 74.9041 82.6984
2 57.4074 56.8523 19.5301 57.4162 56.8298 19.9715
2 47.2384 54.1096 36.2549 47.006 53.7238 35.65
2 55.9327 46.0981 36.1072 55.9096 45.6994 36.1666
2 65.4833 66.2791 35.3438 65.1885 65.9311 35.0213
2 66.5752 67.5749 37.4832 66.774 67.7078 37.95
2 68.7969 52.8411 35.6177 68.4766 53.1002 35.4648
2 51.0671 45.2502 49.2117 50.8925 45.3012 49.1895
2 58.2844 57.9394 53.9832 58.3499 57.8897 54.5414
2 57.5144 56.7106 21.908 57.4425 56.7773 20.9707
2 57.4192 56.8216 20.1343 57.4425 56.7773 20.9707
2 47.2384 54.1096 36.2549 46.7041 53.9895 36.6221
2 60.8219 57.228 35.7384 60.1974 57.5549 35.952
2 64.0513 64.6238 35.1697 64.4349 65.0444 35.1007
2 64.4349 65.0444 35.1007 64.7951 65.4683 35.0315
2 63.2992 56.1152 35.3324 62.6979 56.3554 35.3629
2 65.9215 66.8011 36.0473 65.7303 66.5727 35.7032
2 68.7969 52.8411 35.6177 69.0859 52.5983 35.8529
2 45.0364 54.2654 52.2277 45.2682 53.613 52.0085
2 51.0671 45.2502 49.2117 51.5165 45.1442 49.2806
2 59.46 57.5378 71.7843 59.3901 57.5954 71.0815
2 59.46 57.5378 71.7843 59.5239 57.4924 72.1308
2 57.5144 56.7106 21.908 57.4689 56.6953 22.3665
2 46.0541 53.8433 37.1166 46.3948 53.915 36.8444
2 46.7041 53.9895 36.6221 46.3948 53.915 36.8444
2 56.1912 48.9928 36.0931 56.1573 48.6254 36.0876
2 56.1912 48.9928 36.0931 56.1967 49.3404 36.1136
2 65.4833 66.2791 35.3438 65.7303 66.5727 35.7032
2 60.1952 57.3814 75.5148 60.7542 57.2499 75.8079
2 66.7695 74.9288 82.7994 67.3752 75.0198 83.2134
2 66.619 74.9041 82.6984 66.7695 74.9288 82.7994
2 45.5248 53.5667 38.2668 45.6921 53.6802 37.7172
2 56.1091 53.4579 36.1677 56.161 52.8182 36.1623
2 65.1601 55.3218 35.1217 64.8138 55.48 35.1707
2 44.9744 54.5003 52.8207 45.0364 54.2654 52.2277
2 59.0349 45.2304 52.6211 59.0316 45.5603 53.1669
2 58.4447 57.8135 55.2869 58.5417 57.6854 55.9562
2 59.5239 57.4924 72.1308 59.586 57.4629 73.0554
2 51.2873 67.7885 37.5431 51.2976 68.2254 38.0548
2 51.4817 55.4672 36.4591 52.1573 55.5996 36.481
2 58.6914 47.5073 55.212 58.8758 47.1061 55.169
2 58.8758 47.1061 55.169 59.0009 46.5314 54.5961
2 59.6017 49.0503 56.4753 59.8066 49.6351 56.8894
2 58.8143 57.3344 58.2525 58.7263 57.4437 57.4624
2 59.6601 57.4783 74.7023 59.5351 57.5555 75.398
2 51.9998 50.0697 79.8537 52.499 50.6054 79.6806
2 45.2705 52.9831 40.3148 45.3655 53.265 39.3418
2 55.9716 46.6205 36.0727 56.0282 47.2531 36.0743
2 56.171 44.0517 38.2036 56.2196 43.811 38.5521
2 55.9662 45.1239 36.705 56.0641 44.6055 37.4233
2 55.9054 45.4466 36.2618 55.9096 45.6994 36.1666
2 59.4636 57.7102 36.2117 60.1974 57.5549 35.952
2 60.9195 60.8006 36.1533 61.1613 61.1986 36.092
2 62.0032 62.4012 35.7893 62.4411 62.8919 35.6399
2 44.8135 55.0616 54.0004 44.8872 54.8811 54.5135
2 58.8758 47.1061 55.169 59.3108 48.4288 56.0015
2 58.8143 57.3344 58.2525 58.8382 57.3116 58.5493
2 53.2357 61.4111 80.3249 53.6807 60.465 79.8691
2 53.6807 60.465 79.8691 54.1223 59.8519 79.5048
2 56.859 58.2211 36.988 57.4931 57.8156 36.9986
2 57.6583 58.0664 38.2198 57.6537 57.9892 37.8602
2 66.8169 67.8422 38.3844 66.8769 67.8999 38.6469
2 66.8769 67.8999 38.6469 67.0012 68.0223 39.205
2 67.9863 53.4834 35.3179 68.4766 53.1002 35.4648
2 67.2111 68.1268 39.8726 67.0012 68.0223 39.205
2 69.7641 51.8389 37.5771 69.8708 51.6751 38.1534
2 58.6914 47.5073 55.212 58.5854 47.7861 55.1991
2 59.0316 45.5603 53.1669 59.0191 45.6904 53.3776
2 59.8066 49.6351 56.8894 60.021 50.3293 57.3927
2 63.084 57.3683 76.0268 62.7434 57.288 76.0066
2 45.5248 53.5667 38.2668 45.3655 53.265 39.3418
2 48.6078 54.7842 36.3841 48.0921 54.6004 36.3678
2 50.4777 68.0067 38.643 50.0584 68.0898 39.1716
2 56.2427 43.5865 38.7978 56.2196 43.811 38.5521
2 68.0135 67.9228 40.6247 68.3417 67.7845 40.7736
2 58.8382 57.3116 58.5493 58.897 57.2718 58.976
2 59.0038 45.8454 53.6283 58.9455 46.2831 54.3179
2 60.133 51.1085 57.963 60.1636 51.6758 58.3357
2 59.1111 57.0548 60.7274 59.0502 57.1903 60.1569
2 59.004 57.2251 59.7794 58.9879 57.206 59.5058
2 59.004 57.2251 59.7794 59.0502 57.1903 60.1569
2 58.7184 60.0086 76.8822 58.725 59.4492 76.7702
2 63.084 57.3683 76.0268 63.638 57.4762 76.0117
2 64.6232 57.6887 76.0479 63.638 57.4762 76.0117
2 66.1463 58.0447 76.2594 66.62 58.15 76.2477
2 57.4689 56.6953 22.3665 57.4581 56.6567 23.0298
2 49.7705 68.0903 39.5634 49.5085 68.0978 39.9419
2 57.6626 58.0838 38.3555 57.6494 58.1011 39.2627
2 70.0293 51.4137 39.1109 70.0785 51.3303 39.4747
2 67.475 68.1827 40.5223 67.3016 68.1447 40.0838
2 58.897 57.2718 58.976 58.9879 57.206 59.5058
2 59.0009 46.5314 54.5961 58.9455 46.2831 54.3179
2 59.1111 57.0548 60.7274 59.2861 56.6595 61.1502
2 58.7266 61.8667 77.2636 58.737 62.2445 77.3483
2 57.4384 56.5819 24.1969 57.4524 56.6208 23.5994
2 65.6958 69.5237 42.4804 66.1195 69.2331 41.926
2 69.9314 51.5774 38.5009 69.8708 51.6751 38.1534
2 44.8872 54.8811 54.5135 45.0123 54.538 55.3699
2 60.133 51.1085 57.963 60.0866 50.7983 57.7187
2 57.4345 56.556 24.5948 57.4386 56.5337 24.9965
2 51.6828 66.6974 36.3209 51.4538 67.2532 36.7233
2 56.9756 43.7788 42.9667 56.9012 43.7588 42.1406
2 64.766 70.186 43.8086 65.0067 70.0149 43.4708
2 65.1658 69.9009 43.245 65.3142 69.7952 43.0311
2 70.1524 50.6119 42.5564 70.1555 50.7579 41.8507
2 45.2054 54.2413 55.8488 45.3654 54.0515 56.1286
2 45.6927 53.7572 56.5969 46.3035 53.3326 57.3722
2 45.2054 54.2413 55.8488 45.0123 54.538 55.3699
2 45.3654 54.0515 56.1286 45.4811 53.9421 56.2955
2 45.6927 53.7572 56.5969 45.4811 53.9421 56.2955
2 46.9424 52.9704 58.2112 47.5879 52.9046 58.8803
2 47.5879 52.9046 58.8803 47.9524 52.831 59.27
2 60.021 50.3293 57.3927 60.0866 50.7983 57.7187
2 57.4459 56.5039 25.5339 57.4616 56.4867 26.0187
2 51.2976 68.2254 38.0548 50.4777 68.0067 38.643
2 64.2195 70.524 44.4823 64.5437 70.3385 44.1076
2 64.5437 70.3385 44.1076 64.766 70.186 43.8086
2 67.3016 68.1447 40.0838 67.2111 68.1268 39.8726
2 69.1896 67.4195 41.2337 68.8988 67.5484 41.0427
2 43.618 68.6655 45.3141 44.4343 68.5258 45.5091
2 44.4343 68.5258 45.5091 44.9984 68.3987 45.1458
2 45.3134 68.3157 44.8827 44.9984 68.3987 45.1458
2 49.1793 68.0825 40.3802 49.5085 68.0978 39.9419
2 49.7705 68.0903 39.5634 50.0584 68.0898 39.1716
2 56.4041 43.6439 39.4875 56.5195 43.6957 39.969
2 66.4971 68.9299 41.3938 66.3116 69.0894 41.6304
2 46.679 53.1473 57.8102 46.3035 53.3326 57.3722
2 48.7867 52.9897 59.9927 48.2999 52.8217 59.588
2 60.2919 68.4597 78.0737 60.4417 68.8855 78.1242
2 56.6464 57.9382 8.81229 56.6414 57.8267 9.62708
2 57.4961 56.4645 26.7527 57.5352 56.4506 27.3714
2 49.1793 68.0825 40.3802 48.7331 68.058 40.9652
2 69.9726 66.9257 41.957 69.7712 67.0601 41.7574
2 49.2548 53.1422 60.3941 50.1349 53.5492 61.0183
2 60.0434 53.8819 59.7578 60.0876 53.4822 59.4877
2 69.5685 58.8809 76.7557 68.998 58.7434 76.6566
2 56.6437 57.6467 11.043 56.6281 57.7461 10.2316
2 56.6404 57.8175 9.69637 56.6414 57.8267 9.62708
2 57.4961 56.4645 26.7527 57.4773 56.4733 26.4043
2 48.129 68.0396 41.7432 48.5386 68.0491 41.2187
2 56.9012 43.7588 42.1406 56.6486 43.7251 40.6512
2 57.6995 58.122 41.0195 57.7375 58.1423 41.4932
2 68.6571 47.7877 46.2529 68.3559 47.3229 46.5178
2 65.3758 69.7514 42.9423 65.4764 69.6799 42.7974
2 65.3758 69.7514 42.9423 65.3142 69.7952 43.0311
2 66.897 68.5716 40.8429 66.4971 68.9299 41.3938
2 73.7085 58.3201 46.9708 73.6755 57.6675 46.8214
2 73.5815 57.2163 46.6902 73.3142 56.6339 46.4847
2 57.7111 59.9983 60.1553 57.7597 59.958 60.3618
2 57.8642 59.5374 60.8787 57.7597 59.958 60.3618
2 54.6759 59.1075 79.0577 54.905 58.8586 78.8808
2 60.1245 67.8753 77.9661 59.8877 67.1313 77.8915
2 48.7067 51.9495 30.6522 48.5072 51.9498 31.1318
2 49.3047 52.054 29.2 49.3999 52.1764 28.8539
2 66.3747 67.3698 37.01 66.2301 67.2058 36.5984
2 65.9215 66.8011 36.0473 66.2301 67.2058 36.5984
2 68.1126 66.0332 30.1192 67.7479 66.1662 30.5922
2 67.5622 66.234 30.8368 67.3884 66.2946 31.0774
2 44.4672 68.5006 46.1105 44.5129 68.4661 46.535
2 42.5733 68.2184 44.4397 43.1452 68.5216 44.8643
2 44.9744 54.5003 52.8207 44.8135 55.0616 54.0004
2 65.9449 44.8295 47.9836 65.5408 44.641 48.1
2 66.6197 45.2226 47.757 66.9619 45.5315 47.5382
2 64.1853 44.0814 48.474 63.8357 43.9623 48.5721
2 65.1731 44.4811 48.2002 65.5408 44.641 48.1
2 70.4014 66.6154 42.4124 70.8533 66.2863 42.8878
2 73.3471 60.2584 47.1642 73.4557 59.8344 47.1453
2 69.5041 67.2296 41.518 69.7712 67.0601 41.7574
2 69.0859 52.5983 35.8529 69.4678 52.2095 36.333
2 72.1122 63.781 46.5377 72.2628 63.297 46.7496
2 72.4553 62.7938 46.8852 72.5433 62.5635 46.9274
2 72.4553 62.7938 46.8852 72.369 63.0182 46.8296
2 72.2628 63.297 46.7496 72.369 63.0182 46.8296
2 58.7433 58.5834 76.5483 58.7343 58.9681 76.6613
2 55.3962 58.3477 78.4975 55.8877 57.9379 78.1644
2 66.1463 58.0447 76.2594 65.2796 57.8378 76.1265
2 55.2313 54.5676 78.4501 55.6242 55.2301 78.2205
2 53.759 51.9384 79.2106 54.2413 52.8135 78.9986
2 55.3962 58.3477 78.4975 55.1381 58.5649 78.6928
2 68.998 58.7434 76.6566 68.3733 58.5829 76.5019
2 54.905 58.8586 78.8808 55.1381 58.5649 78.6928
2 58.6782 57.822 76.3667 58.2383 57.7238 76.6955
2 57.4712 57.3803 77.1825 56.676 56.9995 77.6352
2 58.725 59.4492 76.7702 58.7343 58.9681 76.6613
2 64.7547 44.3058 48.3158 64.1853 44.0814 48.474
2 57.0529 43.8682 45.6876 57.0355 43.9062 46.3428
2 57.0297 43.94 46.8631 57.1199 44.0234 47.6197
2 47.9247 52.1658 32.3926 48.2458 51.9908 31.7555
2 67.1757 66.3749 31.3568 66.9245 66.453 31.7315
2 66.6012 66.542 32.2475 66.9245 66.453 31.7315
2 45.1914 68.1703 49.0628 45.0841 68.1971 48.8146
2 45.4807 68.1846 49.7504 45.363 68.1544 49.4867
2 65.3208 74.2914 81.5278 65.5854 74.435 81.7778
2 66.0298 74.6454 82.1775 65.5854 74.435 81.7778
2 61.1574 70.8839 78.3881 61.7308 72.2643 78.6335
2 61.1574 70.8839 78.3881 60.4417 68.8855 78.1242
2 61.8163 72.3781 78.6728 61.7308 72.2643 78.6335
2 64.5455 73.9544 80.8658 64.7446 74.0231 81.0286
2 70.2223 51.2077 50.3455 70.2185 51.3287 50.915
2 52.9714 44.8727 49.2201 53.2909 44.8147 49.2012
2 70.1716 51.5759 51.8432 70.0043 51.4877 51.773
2 61.5786 61.8297 35.9522 61.1613 61.1986 36.092
2 66.3747 67.3698 37.01 66.5752 67.5749 37.4832
2 69.5911 52.1072 36.709 69.4678 52.2095 36.333
2 47.9524 52.831 59.27 48.2999 52.8217 59.588
2 45.2375 52.8405 40.9522 45.2109 52.7046 41.5287
2 70.1697 50.5107 43.4475 70.1564 50.5261 43.1054
2 71.6321 59.5045 77.2171 70.3804 59.1111 76.9279
2 73.7085 58.3201 46.9708 73.6632 58.8267 47.0519
2 63.072 73.3463 79.6258 63.9926 73.7431 80.4077
2 46.679 53.1473 57.8102 46.9424 52.9704 58.2112
2 45.151 49.9202 46.9402 45.0978 49.3015 47.3025
2 45.1403 50.5012 46.7641 45.151 49.9202 46.9402
2 45.0083 52.7728 45.0699 45.0771 52.4532 44.4366
2 52.3205 65.5275 36.2546 52.5846 65.0859 36.2761
2 44.2201 56.8215 47.8006 44.2043 56.7857 47.1813
2 63.5948 64.136 35.2824 63.2956 63.816 35.3626
2 65.6283 55.1012 35.0564 65.995 54.9362 35.0293
2 51.2873 67.7885 37.5431 51.3423 67.5633 37.2175
2 56.2831 51.6913 36.2475 56.2255 50.7503 36.2182
2 57.4581 56.6567 23.0298 57.4499 56.6338 23.4009
2 56.1417 44.2037 37.9888 56.171 44.0517 38.2036
2 52.8967 69.9549 38.5226 52.4285 69.4258 38.3408
2 60.1948 52.4283 58.8323 60.1342 53.0328 59.1964
2 57.4499 56.6338 23.4009 57.4524 56.6208 23.5994
2 54.4774 72.088 39.3756 54.3464 71.8608 39.2667
2 69.5685 58.8809 76.7557 70.3804 59.1111 76.9279
2 54.5241 72.1735 39.4172 54.4774 72.088 39.3756
2 67.475 68.1827 40.5223 68.0135 67.9228 40.6247
2 58.63 57.954 64.0223 58.6622 57.9078 63.4496
2 69.2422 48.7321 45.799 69.6277 49.4399 45.5876
2 51.5447 54.4919 62.5408 50.2928 53.6149 61.1512
2 51.5331 68.6508 32.6758 51.6988 69.104 31.8559
2 59.8168 59.3991 36.4259 60.0511 59.6995 36.3753
2 44.3485 56.7871 48.4215 44.4459 56.7127 48.8994
2 59.0038 45.8454 53.6283 59.0191 45.6904 53.3776
2 56.2427 43.5865 38.7978 56.4041 43.6439 39.4875
2 44.4343 68.5258 45.5091 44.4672 68.5006 46.1105
2 49.142 52.0079 29.6101 49.3047 52.054 29.2
2 44.4872 55.8703 46.2957 44.3708 56.2391 46.6115
2 65.1731 44.4811 48.2002 64.7547 44.3058 48.3158
2 45.2682 53.613 52.0085 45.3607 53.1097 52.4364
2 63.9926 73.7431 80.4077 64.5455 73.9544 80.8658
2 46.5694 68.0532 43.6671 46.9002 68.0461 43.2627
2 44.2201 56.8215 47.8006 44.3485 56.7871 48.4215
2 70.8533 66.2863 42.8878 71.4437 65.8302 43.5599
2 59.6918 66.5513 77.855 59.8877 67.1313 77.8915
2 71.6946 65.516 44.0721 71.8888 65.2075 44.5596
2 69.1896 67.4195 41.2337 69.5041 67.2296 41.518
2 57.8424 58.1942 43.2033 57.9577 58.2385 44.7422
2 57.9921 58.244 45.3187 58.0133 58.237 45.7968
2 60.2919 68.4597 78.0737 60.1245 67.8753 77.9661
2 44.8042 68.2913 48.0332 44.6525 68.3378 47.4967
2 58.2368 57.9319 53.2274 58.164 57.9375 52.1397
2 53.3555 70.4511 38.6756 53.654 70.7796 38.7813
2 53.9396 71.1835 38.9489 53.654 70.7796 38.7813
2 65.6958 69.5237 42.4804 65.4764 69.6799 42.7974
2 67.5622 66.234 30.8368 67.7479 66.1662 30.5922
2 44.5329 55.9443 50.1629 44.4459 56.7127 48.8994
2 47.7259 52.2804 32.6913 47.5041 52.4076 32.9995
2 47.5041 52.4076 32.9995 47.3944 52.4806 33.1676
2 71.4437 65.8302 43.5599 71.6946 65.516 44.0721
2 54.0766 71.4073 39.0532 53.9396 71.1835 38.9489
2 65.6572 66.473 34.1695 65.829 66.6088 33.7697
2 44.6596 55.2371 45.9585 44.8361 54.0403 45.5746
2 57.141 57.1044 16.183 57.0951 57.145 15.6765
2 66.6012 66.542 32.2475 66.2772 66.5953 32.8546
2 52.5846 65.0859 36.2761 52.8657 64.6196 36.3065
2 55.074 61.1538 36.8223 54.7195 61.7454 36.7378
2 73.1347 60.9584 47.1497 73.2498 60.598 47.1662
2 73.6632 58.8267 47.0519 73.573 59.3014 47.1021
2 56.2255 50.7503 36.2182 56.2109 49.9204 36.1631
2 56.1767 52.3799 36.1929 56.2831 51.6913 36.2475
2 62.2662 72.922 78.9138 63.072 73.3463 79.6258
2 57.317 56.9642 17.7709 57.3584 56.9233 18.3463
2 57.3783 56.894 18.8288 57.4074 56.8523 19.5301
2 55.9327 46.0981 36.1072 55.9716 46.6205 36.0727
2 63.2992 56.1152 35.3324 63.7358 55.9394 35.3046
2 64.4605 55.6411 35.2205 64.8138 55.48 35.1707
2 56.0764 47.7831 36.0786 56.0282 47.2531 36.0743
2 58.6955 57.709 36.4674 59.4636 57.7102 36.2117
2 53.937 60.9677 79.9842 53.2357 61.4111 80.3249
2 52.3205 65.5275 36.2546 52.0905 65.9231 36.2505
2 59.6017 49.0503 56.4753 59.3108 48.4288 56.0015
2 54.3464 71.8608 39.2667 54.0766 71.4073 39.0532
2 57.4384 56.5819 24.1969 57.4345 56.556 24.5948
2 56.6486 43.7251 40.6512 56.585 43.7146 40.2893
2 43.618 68.6655 45.3141 43.1452 68.5216 44.8643
2 53.3555 70.4511 38.6756 53.1847 70.2664 38.6185
2 73.5815 57.2163 46.6902 73.6755 57.6675 46.8214
2 57.7616 56.4195 30.617 57.7166 56.422 29.997
2 59.1729 58.5083 36.5495 59.8168 59.3991 36.4259
2 63.5948 64.136 35.2824 63.8378 64.3946 35.2214
2 57.7071 57.336 36.5149 57.1905 56.6787 36.0464
2 65.4066 55.209 35.0873 65.1601 55.3218 35.1217
2 65.1658 69.9009 43.245 65.0067 70.0149 43.4708
2 66.3116 69.0894 41.6304 66.1195 69.2331 41.926
2 63.2956 63.816 35.3626 62.9518 63.4467 35.4709
2 56.1967 49.3404 36.1136 56.2109 49.9204 36.1631
2 62.0032 62.4012 35.7893 61.794 62.1243 35.8737
2 58.5854 47.7861 55.1991 59.3108 48.4288 56.0015
2 48.7331 68.058 40.9652 48.5386 68.0491 41.2187
2 56.6698 57.5099 12.1348 56.6479 57.6176 11.2768
2 47.8946 46.4993 48.7224 48.3568 46.266 48.8091
2 47.2703 68.0411 42.8108 47.5027 68.0365 42.5295
2 58.0397 58.2159 46.5286 58.0133 58.237 45.7968
2 56.7752 57.2867 14.0027 56.8479 57.2534 14.3883
2 53.5968 63.5646 36.4681 53.8519 63.1958 36.5241
2 73.0079 61.3168 47.111 72.7484 62.0182 47.011
2 53.5968 63.5646 36.4681 53.071 64.3146 36.3542
2 45.1176 53.0128 49.6618 45.0999 53.2158 49.9191
2 45.0763 53.4502 50.1979 45.0999 53.2158 49.9191
2 57.3783 56.894 18.8288 57.3584 56.9233 18.3463
2 64.4605 55.6411 35.2205 64.3239 55.6997 35.2378
2 53.071 64.3146 36.3542 52.8657 64.6196 36.3065
2 55.9662 45.1239 36.705 55.9054 45.4466 36.2618
2 62.4411 62.8919 35.6399 62.9518 63.4467 35.4709
2 63.7358 55.9394 35.3046 64.3239 55.6997 35.2378
2 58.6782 57.822 76.3667 58.7433 58.5834 76.5483
2 56.859 58.2211 36.988 56.4049 58.7113 36.9078
2 68.5132 67.7121 40.8572 68.8988 67.5484 41.0427
2 52.8967 69.9549 38.5226 53.1847 70.2664 38.6185
2 56.5195 43.6957 39.969 56.585 43.7146 40.2893
2 48.7867 52.9897 59.9927 49.2548 53.1422 60.3941
2 56.6423 57.9835 8.4682 56.6464 57.9382 8.81229
2 56.6281 57.7461 10.2316 56.6404 57.8175 9.69637
2 57.4616 56.4867 26.0187 57.4773 56.4733 26.4043
2 57.6494 58.1011 39.2627 57.6825 58.1135 40.4899
2 56.6479 57.6176 11.2768 56.6437 57.6467 11.043
2 66.8169 67.8422 38.3844 66.774 67.7078 37.95
2 57.9773 56.2248 33.3171 57.9094 56.2804 32.6467
2 44.5129 68.4661 46.535 44.6525 68.3378 47.4967
2 51.4817 55.4672 36.4591 51.1375 55.3961 36.45
2 57.7856 58.1704 42.5127 57.7788 58.1691 42.042
2 57.4192 56.8216 20.1343 57.4162 56.8298 19.9715
2 64.0513 64.6238 35.1697 63.8378 64.3946 35.2214
2 57.8117 56.3938 31.7501 57.9094 56.2804 32.6467
2 62.595 43.7034 48.9391 63.0218 43.7653 48.8008
2 58.0724 58.1658 47.6711 58.0614 58.1879 47.2358
2 65.829 66.6088 33.7697 66.1044 66.6122 33.2414
2 56.1573 48.6254 36.0876 56.0764 47.7831 36.0786
2 51.1375 55.3961 36.45 50.1437 55.1813 36.4276
2 68.5132 67.7121 40.8572 68.3417 67.7845 40.7736
2 57.4386 56.5337 24.9965 57.4459 56.5039 25.5339
2 47.2848 52.6147 33.4517 47.1543 52.7842 33.8109
2 57.5797 56.4425 28.007 57.6208 56.4359 28.6087
2 50.1349 53.5492 61.0183 50.2928 53.6149 61.1512
2 45.1822 52.5681 42.2351 45.2109 52.7046 41.5287
2 57.0209 43.7965 43.8598 56.9952 43.7864 43.359
2 57.6901 56.4278 29.5931 57.646 56.4308 28.9889
2 72.5606 55.106 45.8892 72.1741 54.3262 45.664
2 70.2146 51.0746 49.786 70.1934 50.852 48.9102
2 46.9135 53.4785 35.2019 46.835 53.1871 34.677
2 48.0921 54.6004 36.3678 47.2384 54.1096 36.2549
2 45.2682 53.613 52.0085 45.0971 53.8977 51.3154
2 46.0541 53.8433 37.1166 45.6921 53.6802 37.7172
2 53.3221 55.8885 36.5259 52.1573 55.5996 36.481
2 69.5911 52.1072 36.709 69.6635 51.9889 37.058
2 69.7641 51.8389 37.5771 69.6635 51.9889 37.058
2 56.3921 58.0383 7.47187 56.5799 58.024 8.0057
2 70.1609 50.9987 40.7559 70.16 50.9124 41.1508
2 70.0785 51.3303 39.4747 70.1944 51.1607 40.3072
2 70.1609 50.9987 40.7559 70.1944 51.1607 40.3072
2 51.2976 68.2254 38.0548 52.0212 68.8533 38.0602
2 56.5799 58.024 8.0057 56.6423 57.9835 8.4682
2 57.6995 58.122 41.0195 57.6825 58.1135 40.4899
2 67.475 68.1827 40.5223 66.897 68.5716 40.8429
2 50.1437 55.1813 36.4276 49.5796 55.0471 36.413
2 73.3142 56.6339 46.4847 73.0843 56.1701 46.2913
2 60.5425 60.3021 36.2486 60.9195 60.8006 36.1533
2 61.6442 56.8598 35.4953 60.8219 57.228 35.7384
2 56.1417 44.2037 37.9888 56.0641 44.6055 37.4233
2 67.9863 53.4834 35.3179 67.6543 53.7411 35.2272
2 72.3726 59.7156 77.3585 73.331 59.9503 77.5124
2 58.893 63.8653 77.6313 58.7893 63.2112 77.5494
2 57.9773 56.2248 33.3171 57.9302 56.3083 33.8725
2 45.0083 52.7728 45.0699 44.884 53.6621 45.4938
2 67.9992 46.7794 46.8275 68.1755 47.0467 46.673
2 51.5165 45.1442 49.2806 52.2409 45.0062 49.2495
2 45.2178 51.5156 47.8448 45.2121 51.8423 48.4033
2 63.0218 43.7653 48.8008 63.3977 43.8376 48.6853
2 47.632 46.6653 48.6598 47.8946 46.4993 48.7224
2 58.3499 57.8897 54.5414 58.4447 57.8135 55.2869
2 60.0511 59.6995 36.3753 60.5425 60.3021 36.2486
2 58.5417 57.6854 55.9562 58.7263 57.4437 57.4624
2 70.0293 51.4137 39.1109 69.9314 51.5774 38.5009
2 52.0212 68.8533 38.0602 52.4285 69.4258 38.3408
2 70.1524 50.6119 42.5564 70.1564 50.5261 43.1054
2 75.6568 60.4847 77.8571 76.4546 60.5457 77.9242
2 66.6197 45.2226 47.757 66.2608 44.9504 47.9351
2 64.8488 65.5314 35.0299 64.7951 65.4683 35.0315
2 71.6321 59.5045 77.2171 72.3726 59.7156 77.3585
2 46.9135 53.4785 35.2019 47.006 53.7238 35.65
2 70.1555 50.7579 41.8507 70.16 50.9124 41.1508
2 61.5786 61.8297 35.9522 61.794 62.1243 35.8737
2 46.7279 47.4117 48.3522 46.9011 47.2373 48.4302
2 67.9992 46.7794 46.8275 67.6871 46.3158 47.0919
2 57.562 56.7669 35.4686 57.734 56.5694 34.7984
2 60.5485 43.8905 49.4595 61.1751 43.8241 49.302
2 59.2139 65.104 77.7728 59.3505 65.4863 77.7696
2 57.6341 44.1568 49.0269 58.0716 44.2117 49.4715
2 70.0666 50.237 45.9939 70.0667 50.2667 46.5288
2 58.9266 44.6319 51.111 58.9379 44.3725 50.3559
2 58.9617 44.8575 51.6859 58.9889 45.0611 52.1958
2 57.6583 58.0664 38.2198 57.6626 58.0838 38.3555
2 56.676 56.9995 77.6352 56.3247 57.6165 77.8762
2 60.1636 51.6758 58.3357 60.1948 52.4283 58.8323
2 58.992 64.28 77.6947 58.893 63.8653 77.6313
2 59.0349 45.2304 52.6211 58.9889 45.0611 52.1958
2 67.4261 45.9521 47.3027 67.6871 46.3158 47.0919
2 57.1905 56.6787 36.0464 57.562 56.7669 35.4686
2 67.6344 58.3789 76.2892 68.3733 58.5829 76.5019
2 71.0588 52.1002 45.0853 71.4862 52.9421 45.2982
2 56.0876 53.8645 36.184 56.1091 53.4579 36.1677
2 58.9617 44.8575 51.6859 58.9266 44.6319 51.111
2 45.2705 52.9831 40.3148 45.2375 52.8405 40.9522
2 68.3559 47.3229 46.5178 68.1755 47.0467 46.673
2 58.1877 58.8971 61.55 57.8642 59.5374 60.8787
2 52.8516 50.9785 79.5516 53.759 51.9384 79.2106
2 59.2139 65.104 77.7728 59.1319 64.7954 77.7452
2 61.3386 57.2366 75.8887 62.4274 57.2281 75.9679
2 52.4278 55.3359 63.409 54.0049 56.46 64.2321
2 67.1317 58.2724 76.2474 67.6344 58.3789 76.2892
2 45.181 50.9607 47.0874 45.1403 50.5012 46.7641
2 55.7706 59.9234 36.954 56.2107 59.0843 36.9196
2 60.1342 53.0328 59.1964 60.0876 53.4822 59.4877
2 54.8568 53.9125 78.664 55.2313 54.5676 78.4501
2 59.1729 58.5083 36.5495 59.4636 57.7102 36.2117
2 52.499 50.6054 79.6806 52.8516 50.9785 79.5516
2 58.7558 62.71 77.4496 58.7893 63.2112 77.5494
2 59.8963 55.1856 60.6902 59.9895 54.3728 60.0915
2 56.4049 58.7113 36.9078 56.2107 59.0843 36.9196
2 59.1055 57.8189 68.5468 59.1994 57.7577 69.2567
2 67.1317 58.2724 76.2474 66.62 58.15 76.2477
2 64.6232 57.6887 76.0479 65.2796 57.8378 76.1265
2 59.6334 55.8826 60.9664 59.2861 56.6595 61.1502
2 56.1455 57.5359 64.8811 56.9278 57.814 65.1758
2 58.7193 57.9825 66.2902 58.6293 57.9949 65.9674
2 59.1089 57.7172 75.9138 59.5351 57.5555 75.398
2 62.4274 57.2281 75.9679 62.7434 57.288 76.0066
2 58.7558 62.71 77.4496 58.737 62.2445 77.3483
2 59.1994 57.7577 69.2567 59.2656 57.7062 69.8303
2 70.2163 50.5499 44.4344 70.3808 50.8406 44.8792
2 59.9895 54.3728 60.0915 60.0434 53.8819 59.7578
2 58.514 57.9829 64.541 58.3155 57.9782 65.207
2 58.8021 57.9614 66.6905 58.8998 57.9176 67.2848
2 58.6959 60.7338 77.0226 58.7217 61.7475 77.2376
2 59.2656 57.7062 69.8303 59.3181 57.6588 70.384
2 58.6782 57.822 76.3667 59.1089 57.7172 75.9138
2 57.4931 57.8156 36.9986 57.6537 57.9892 37.8602
2 56.0244 55.7699 77.9885 56.3065 56.1752 77.8273
2 58.6959 60.7338 77.0226 58.7184 60.0086 76.8822
2 58.1877 58.8971 61.55 58.3893 58.4928 61.7715
2 56.3065 56.1752 77.8273 56.676 56.9995 77.6352
2 59.1055 57.8189 68.5468 59.0564 57.851 68.1784
2 58.8998 57.9176 67.2848 58.973 57.888 67.6886
2 61.3386 57.2366 75.8887 60.7542 57.2499 75.8079
2 58.973 57.888 67.6886 59.0564 57.851 68.1784
2 58.7266 61.8667 77.2636 58.7217 61.7475 77.2376
2 56.0821 57.7717 78.0345 55.8877 57.9379 78.1644
2 59.0975 57.0487 61.4821 58.9564 57.3361 61.7885
2 58.9125 57.4253 61.8882 58.9564 57.3361 61.7885
2 59.586 57.4629 73.0554 59.6601 57.4783 74.7023
2 57.9156 57.5783 76.912 57.8125 57.5308 76.9766
2 58.2383 57.7238 76.6955 57.9156 57.5783 76.912
2 57.4712 57.3803 77.1825 57.8125 57.5308 76.9766
2 59.5351 57.5555 75.398 60.1952 57.3814 75.5148
