1477
39
10
603
1308
1173
1734
1742
2217
566
1830
1103
1987
1891
1941
2483
1912
2338
2337
2121
2289
257
228
710
791
844
351
1526
1531
2026
920
2039
896
905
909
1393
1392
1476
1478
1465
982
891
928
944
894
58
849
59
864
607
577
71
52
1374
1328
40
30
16
20
882
1302
1288
1285
1280
644
646
642
1254
1267
1732
1198
1197
1728
1722
1707
1145
1755
1754
1760
1741
600
613
614
1279
1294
1293
1138
1314
1315
1785
1143
1127
1104
1113
1123
1097
2239
2236
1777
1759
2231
1767
1764
2226
1690
2216
2209
2222
2207
2251
2259
2195
2270
2283
1625
1617
1637
1633
1648
1654
500
1827
508
1861
542
1875
1888
1880
1461
1431
1400
1411
1382
1372
1357
1353
1102
1094
552
1918
1925
1939
1946
1978
1990
1957
1988
1942
1927
1896
1881
1033
1059
1865
1587
1005
1008
1009
1024
2486
2466
2472
2456
2451
2435
2423
2425
1562
1560
2105
2335
1567
2350
1534
2385
1542
2375
2389
2364
999
2358
2315
2317
2325
2316
2145
2148
2157
2151
2134
2298
2286
245
243
232
252
2178
253
2171
205
220
729
189
730
190
264
744
2129
2141
2139
287
276
277
275
311
137
136
127
125
129
2095
140
134
135
756
171
719
178
701
761
690
668
667
660
661
810
811
812
801
777
118
784
772
358
363
1497
333
1501
2093
2077
2053
87
101
103
1998
2012
2011
2038
2041
2028
2043
425
438
494
488
1503
469
477
428
379
2035
384
2005
898
1485
901
902
910
1494
900
1496
897
914
912
904
906
1470
1483
1468
1469
1467
919
1493
1492
1484
1486
1488
1487
1489
1473
1472
1471
1457
1455
1456
1395
1429
1442
1443
1444
1445
1458
1460
1459
1463
1450
1437
1436
1425
1427
1439
1440
1441
1451
1491
1479
1475
948
937
923
921
922
936
938
994
992
964
995
997
993
996
980
966
965
924
939
952
954
967
988
987
956
973
957
974
958
946
945
960
975
962
961
976
990
933
934
947
932
890
929
927
943
930
942
941
925
940
926
875
876
873
889
877
878
879
892
893
895
880
881
888
874
854
872
869
871
870
867
868
850
866
865
863
845
860
70
856
73
72
60
61
64
62
51
63
65
66
67
69
576
55
54
53
50
48
49
916
43
35
45
46
57
858
1359
29
1360
1361
41
1375
1388
1387
1373
1356
572
573
1366
1364
1349
1379
1380
1381
1389
1391
1390
1377
1376
1378
1365
1363
12
13
14
15
17
19
32
28
33
38
37
27
26
25
8
9
11
21
22
23
908
884
18
7
6
5
3
4
1
2
0
1301
1300
1299
1298
1289
1287
1286
1275
1290
1291
1303
1297
1312
1304
1313
1281
1295
616
1283
1278
1276
1271
1272
1273
1284
852
853
851
842
838
848
620
618
617
619
606
623
621
840
839
841
837
836
847
834
634
648
635
622
641
626
625
624
627
628
643
632
633
1199
1193
1200
1201
1195
1265
1259
1258
1261
1260
1263
1257
1210
1207
1205
1208
1204
1209
1203
1740
1738
1737
1736
1735
1733
1731
1730
1202
1724
1727
1726
1185
1181
1183
1188
1187
1189
1190
1191
1171
1167
1166
1178
1165
1179
1177
1176
1717
1720
1718
1721
1175
1712
1716
1714
1713
1711
1710
1162
1163
1164
1161
1151
1160
1153
1159
1144
1132
1150
1133
1148
1147
1149
1704
1706
1709
1703
1708
1756
1750
1758
1757
1751
1749
1158
1156
1155
1157
1739
1748
1743
1745
1744
1747
1746
1752
1141
1125
1122
1124
1140
1139
1307
1292
1306
1305
1135
1134
1121
1120
595
597
598
601
602
604
1311
605
615
610
608
609
611
612
594
596
581
580
579
582
593
592
590
588
587
589
586
574
584
1341
1340
1339
1338
1325
1323
1119
1310
1318
1309
1320
1316
1317
1327
1329
1333
1342
1343
1332
1331
1330
1321
1334
1319
1335
1337
1336
1350
1351
1346
1347
1348
1344
1118
1115
1116
1117
1131
1784
1801
1798
1799
1796
1800
1810
1811
1812
1808
1805
1806
1807
1794
1791
1793
1792
1126
1101
1105
1100
1099
1089
1091
1093
1088
1087
1086
1085
1084
1592
1594
1083
1080
1079
1081
1092
1596
1624
1610
1623
1609
1608
1607
1606
1622
1096
1095
1111
1110
1107
1108
1109
1782
1129
1787
1774
1639
1640
1790
1638
1778
1775
1780
2237
2234
2240
2241
2243
2242
1670
2221
2235
2233
2232
2230
1765
1766
1768
1700
2229
1702
1701
1696
1698
1695
1694
1692
1770
1762
1772
1763
1769
1783
1788
1786
1691
1693
1689
1687
1688
1686
1684
1683
2227
2225
2228
2224
2223
2215
1672
2218
2219
1682
1679
1680
1668
1666
1671
1656
1655
1659
1660
1662
1663
1664
1678
1674
1675
1676
2213
2211
2212
2210
2208
2206
2205
2252
2253
2248
2246
2245
2247
2250
2249
2255
2201
2202
2200
2203
2197
2194
2198
2199
2263
2265
1657
1658
2256
2257
2258
2261
2262
1646
1632
1631
1634
1635
1636
1628
1642
1630
1644
2269
1614
1602
1603
1601
1626
1611
1612
1621
1605
1619
1620
1618
1604
1616
1615
1839
1836
1837
1835
1834
1833
1647
1652
1649
1650
1820
1822
1824
1838
1826
1825
1823
1821
1814
1804
1803
1802
1815
1818
1817
1819
1816
1829
1831
1832
1828
1862
1843
499
501
503
1842
504
502
1073
1858
1859
1844
1845
1847
1846
1864
1863
1873
1860
513
514
518
532
517
516
506
505
507
512
511
510
509
1876
1874
1877
1878
1871
1872
1886
1879
1894
1887
1893
1892
1889
1890
523
524
525
526
1986
1970
1972
530
528
529
531
527
522
521
520
1403
1404
1405
1407
1410
1412
1415
1416
1967
1418
1968
1985
1993
1983
1984
1982
1417
1401
1428
1446
1433
1432
1447
1408
1409
1414
1399
1396
1397
1369
1371
1368
1370
1367
1355
1352
534
1383
539
540
536
537
538
544
545
546
551
555
553
570
569
568
571
558
557
556
560
559
1435
1424
1426
561
563
1076
1075
550
549
1419
548
1921
1062
1063
1064
1065
1078
564
565
1422
1423
1922
1923
1924
1934
1936
1950
1952
1965
1966
1449
1448
1995
1980
1994
1991
1992
1977
1964
1963
2492
1962
1975
1976
1969
1956
1954
1955
1940
1938
1948
1935
1931
1930
1914
1932
1926
1928
1971
1973
1974
1958
1960
1959
1944
1943
1945
1908
1910
1902
1900
1899
1898
1906
1903
1907
1904
1913
1037
1055
1056
1052
1058
1048
1049
1060
1057
1870
1885
1869
1882
1867
1868
1866
1850
1849
1848
1853
1856
1071
1072
1854
1069
1068
1067
1053
1852
1851
1017
1588
1590
1051
1593
1574
1573
1571
1584
1586
1015
1003
1004
1006
1012
1016
1013
1027
1028
1046
1044
1045
1029
1032
1031
1030
1019
1018
1034
1021
1020
1026
1007
1010
2485
1023
1025
1040
1039
1035
2481
2482
2471
2487
2470
2455
2469
2453
2468
1041
1043
2467
1917
2465
2454
2473
2457
2443
2489
2475
2491
2490
2479
2494
2464
2463
2477
2462
483
498
496
2445
2458
2447
2448
2461
2449
2433
2437
2434
2421
1577
1578
1582
1580
1579
1575
1047
2438
2439
2442
2441
2440
2427
2426
1558
1559
1564
1548
2420
2424
2444
1550
1549
1551
1552
2089
1566
1569
1568
1556
1555
1554
1544
1557
1520
1532
1518
1530
2087
2086
2085
1516
1515
1517
1528
1527
1504
1519
1522
1524
1538
1539
1545
1546
485
2417
2416
2414
2415
487
2413
2411
2410
2402
2399
2409
2407
2429
2428
2431
1543
2406
2408
2405
1536
2403
1535
2368
2381
2369
2371
2370
2386
2387
2397
2398
2394
2401
2395
2380
2393
2379
2378
2390
2391
2388
1011
998
2373
2372
2374
2376
2377
2366
2367
2363
2361
2362
2365
2355
2354
2351
2353
1570
2357
2359
1001
1000
1002
2331
2330
2329
2326
2327
2341
2340
2336
2349
2334
2348
2346
2342
2347
2344
2345
2318
2164
2161
2162
2163
2158
2156
2154
2147
2146
2149
2319
2333
2323
2321
2307
2153
2155
2165
2301
2302
2305
2303
2313
2328
2314
2300
2312
2310
2311
2304
2291
2306
1599
1600
2293
2295
2309
2297
2296
2299
2282
2271
2281
2276
2277
2279
2292
2290
2274
2288
2273
2284
2285
2287
2188
2185
2184
2179
2183
2181
244
242
241
2193
2191
2190
2189
2186
2187
233
235
234
237
238
239
248
249
246
247
227
226
230
229
231
225
224
222
221
223
2175
215
212
2174
2176
2173
2177
2167
2169
2168
2159
211
209
208
206
207
204
202
210
213
216
217
218
251
219
250
734
736
733
199
732
731
728
191
193
195
198
197
273
200
201
274
175
187
186
184
185
182
183
722
721
188
726
727
725
723
724
737
745
742
743
741
740
203
738
739
259
256
254
258
255
261
260
746
747
2138
263
265
269
267
266
272
281
280
2124
2125
2111
2117
2133
2132
2119
2135
2136
2118
2137
2120
2123
2122
2109
2107
2094
2092
2091
2106
1595
1598
2103
2102
2101
2108
2100
2098
2097
313
297
283
296
2131
2130
2115
2114
2113
2116
303
302
301
290
286
289
285
288
293
294
291
304
316
314
315
317
321
320
319
318
307
305
306
155
149
150
152
153
322
323
121
123
133
144
142
145
141
309
310
325
109
111
105
104
102
98
99
113
112
97
110
115
114
117
780
782
640
796
119
128
126
124
157
160
759
762
763
764
765
702
779
766
768
760
143
748
749
754
751
1237
1235
1236
1233
700
703
704
758
757
752
753
750
716
715
174
718
717
177
720
179
176
181
169
168
173
159
158
151
161
162
163
165
166
167
714
713
711
712
708
709
706
705
707
1227
1228
1230
1229
1231
699
696
697
698
1239
670
680
681
685
691
688
689
686
684
682
1226
1223
1222
1225
1221
1218
1219
1220
1216
1217
1246
1247
1245
1249
1251
1250
1211
1214
1212
1215
1213
676
662
1255
1256
1252
1253
1242
672
677
678
679
665
664
654
658
657
656
637
659
639
651
650
649
652
663
822
833
835
832
825
826
824
636
808
827
828
821
819
820
831
818
805
817
806
816
804
803
666
792
793
794
807
798
809
814
813
815
799
797
795
786
785
774
773
692
694
776
787
788
789
790
800
802
350
368
353
354
355
359
2003
373
371
372
370
369
366
367
365
346
345
364
362
343
361
357
341
342
338
339
337
348
349
335
336
334
1498
1499
1500
1510
1509
1505
1512
1511
1513
1502
1514
330
331
329
2084
2071
2073
2070
1525
2057
2054
2055
2068
2069
2081
327
95
93
2065
2051
2056
2058
2060
2066
2079
83
81
80
2063
2062
2061
2047
2046
2049
77
2050
76
82
74
86
85
75
843
829
830
1996
1997
2000
2001
1999
2013
89
88
91
90
2029
2019
2018
2017
2016
2007
2002
2004
2006
2008
2009
2010
2014
2015
2024
2025
2027
2044
420
2040
2037
2023
2022
2021
2020
2033
2032
2034
417
2030
2031
435
433
415
413
972
971
985
986
969
984
968
970
451
437
423
422
421
2045
424
439
453
465
466
467
481
495
497
493
479
468
455
434
448
449
462
463
447
461
446
460
442
429
430
431
441
443
472
470
471
476
490
492
489
486
475
473
1508
1506
1507
1523
377
444
445
457
458
459
491
474
395
393
394
390
391
411
410
409
389
388
375
374
378
380
381
383
382
385
405
406
407
403
402
401
399
398
397
396
