1477
920
39
10
1308
1734
1742
2217
566
1830
1103
1987
1891
2483
1941
1912
2338
2337
2121
2289
228
257
300
791
710
603
844
351
1526
1531
2026
2039
905
909
1478
1476
1393
1392
1464
1465
1466
982
928
944
891
896
894
882
864
849
607
58
59
71
577
1374
52
1328
44
40
30
16
20
1315
1302
1288
1285
644
642
1254
1267
1732
1198
1197
1728
1722
1145
1707
1143
1755
1754
1172
1741
614
613
600
1280
1279
1293
1314
1785
1127
1104
1113
1102
1123
1097
1777
2236
1760
1767
1759
2231
1764
1690
2226
2216
2222
2239
2209
2207
2251
2195
1625
2192
1617
2259
1648
1654
1637
500
1827
1861
508
542
1875
1880
1988
1461
1431
1400
1411
1372
552
1357
1353
1094
1918
1925
1939
1946
2466
1990
1978
1957
1942
1927
1896
1888
1881
1033
1865
1059
2325
1587
1005
1008
1009
1024
2486
2472
2456
2451
2435
2423
2425
1560
1562
299
2105
2112
1567
2350
1534
1542
2385
2389
2375
999
2364
2358
2335
2315
2317
2316
2145
2148
2157
2151
2298
2286
2283
245
232
2171
252
253
220
205
190
189
729
730
192
196
268
2134
2141
2139
2129
287
276
275
277
311
137
134
127
125
129
2095
744
140
135
761
756
719
171
178
180
690
701
772
668
667
661
660
810
811
812
801
777
118
784
1497
333
1501
1503
2077
2093
2053
103
101
87
2012
1998
2041
2038
2028
2011
2043
425
438
494
477
469
428
363
379
2035
384
2005
1483
902
1485
910
901
1494
898
900
916
897
914
904
912
1473
1471
1484
1468
1469
1481
1493
1492
1491
1487
1488
1489
1474
1470
1472
1475
1457
1455
1456
1458
1428
1429
1389
1442
1443
1444
1445
1459
1460
1449
1463
1436
1427
1426
1439
1440
1441
1451
1453
1467
1479
933
925
927
919
923
924
1425
936
937
1437
994
980
966
965
964
952
938
926
954
940
967
993
992
958
957
989
990
973
974
988
960
959
975
962
976
961
977
978
1496
918
932
948
934
931
890
893
947
956
945
946
943
930
929
942
941
888
889
873
876
877
878
892
879
881
880
883
895
884
874
872
854
853
871
869
870
867
868
866
850
865
845
861
875
862
842
72
73
857
860
60
61
62
64
63
65
66
69
67
70
576
55
54
53
51
50
49
46
43
45
47
56
856
858
57
1359
1343
1360
29
31
1375
42
41
1373
1387
1361
1356
572
573
1366
1364
1378
1379
1380
1381
1388
1394
1391
1390
1377
1376
1365
1363
1362
1344
13
12
14
15
17
32
28
33
35
37
27
26
25
24
8
9
11
21
22
19
908
906
23
18
7
6
5
3
2
4
1
0
1301
1300
1299
1298
1289
1287
1290
1167
1166
1277
1291
1292
1303
1304
1297
1312
1305
1295
1281
1278
1269
1275
1274
1271
1272
1273
1286
1283
1284
852
848
851
838
619
617
616
606
620
621
840
839
841
837
843
836
847
648
634
635
622
626
623
625
628
618
1266
632
633
1193
1192
1199
1200
1195
1265
1201
1260
1261
1258
1259
1263
1257
1256
1210
1205
1207
1206
1204
1209
1203
1740
1738
1736
1735
1733
1731
1730
1202
1727
1726
1185
1181
1187
1188
1189
1191
1171
1164
1165
1178
1179
1177
1176
1175
1717
1718
1720
1721
1750
1161
1716
1712
1714
1711
1713
1710
1149
1148
1163
1150
1162
1151
1160
1153
1137
1134
1131
1132
1144
1133
1146
1147
1704
1709
1706
1703
1705
1702
1708
1756
1751
1758
1749
1757
1747
1158
1748
1159
1739
1157
1155
1156
1744
1743
1745
1752
1746
1126
1122
1124
1125
1139
624
627
1141
1135
1140
1142
1121
1129
595
597
598
601
602
604
1311
605
615
610
608
609
612
611
594
596
580
582
593
592
590
589
588
587
586
574
584
1338
1339
1325
1323
1320
1119
1307
1310
1309
1318
1316
1313
1317
1327
1329
1346
1332
1342
1333
1331
1330
1319
1321
1335
1336
1337
1340
1347
1348
1349
1352
1351
1118
1115
1116
1117
1798
1801
1799
1800
1810
1811
1812
1101
1808
1100
1099
1807
1794
1806
1805
1109
1111
1108
1105
1089
570
1088
1091
1087
1084
1086
1083
1592
1591
1080
1079
1078
1076
1081
1610
1608
1596
1607
1606
1623
1612
1624
1622
1085
1098
1096
1095
1092
1093
1107
1782
1781
1783
1774
1787
1790
1638
1792
1791
1776
1793
1775
1778
1780
1779
2234
2237
2240
2241
2243
1670
2221
2235
2232
2233
1766
1768
1765
1700
2230
1695
1699
1696
1698
1701
1694
1692
1770
1762
1763
1784
1772
1689
1691
1788
1786
1688
1686
1687
2227
2225
2228
1684
2229
1683
2224
1682
2223
2218
2215
2220
2219
1680
1666
1668
1672
1671
1656
1655
1659
1661
1660
1662
1663
1665
1664
1678
1674
1675
1676
2211
2210
2212
2213
2208
2206
2205
2253
2248
2246
2245
2247
2250
2249
2254
2255
2203
2202
2201
2200
2197
2194
2196
2263
2262
2264
2265
1658
1657
2256
2258
2257
2261
2199
2198
1646
1632
1631
1634
1635
1640
1639
1628
1642
1644
2269
1614
1602
1603
1601
1626
1611
1605
1619
1621
1620
1604
1618
1615
1616
1630
1835
1836
1841
1834
1833
1650
1647
1652
1651
1822
1824
1837
1838
1826
1815
1814
1813
1804
1803
1802
1818
1817
1819
1820
1816
1829
1831
1832
1828
499
1844
1843
501
1842
503
504
502
1858
1073
1839
1847
1859
1846
1845
1864
1863
1862
1860
513
514
518
531
517
516
506
505
507
511
512
509
523
510
1874
1877
1878
1873
1894
1879
1887
1893
1889
1876
1890
1892
524
536
525
526
537
539
1972
1970
530
529
528
532
533
534
522
521
520
1403
1401
1404
1405
1410
1415
1969
1967
1968
1986
1982
1983
1984
1993
1446
1433
1995
1447
1432
1448
1417
1416
1414
1412
1399
1396
1395
1397
1369
1371
1368
1370
1367
1355
1383
540
538
1407
1409
544
545
548
551
555
553
554
569
568
571
558
557
556
546
560
559
1422
561
1435
563
564
1075
550
549
1418
1419
1940
1421
1420
1923
1919
1063
1065
1921
1922
1423
1924
1934
1938
1935
1936
1962
1950
1963
1952
1965
1966
1980
1991
1992
1964
2492
2494
1974
1976
1971
1973
1956
1954
1955
1960
1959
1037
1910
1926
1929
1928
1958
1944
1943
1945
1932
1931
1930
2482
2481
1900
1908
1902
1899
1895
1898
1886
1885
1904
1906
1055
1054
1056
1052
1058
1049
1060
1856
1872
1871
1870
1869
1867
1866
1868
1882
1848
1849
1850
1854
1072
1071
1062
1069
1068
1067
1053
1057
1852
1851
1590
1588
1051
1575
1580
1574
1573
1582
1571
1584
1586
1572
1004
1003
1002
1014
1015
1016
1017
1028
1046
1047
1044
1029
1031
1018
1032
1019
1020
1026
1027
1006
1013
1012
1010
1007
1025
1023
1022
1035
1021
1917
2485
2468
2469
2471
2470
2455
1041
1040
1043
1042
1039
1045
1914
2464
2453
2454
2457
2443
2442
2458
2459
2473
2487
2465
2467
2477
2490
2491
2476
2463
496
2489
2444
2445
2461
2449
2462
2434
2433
2422
2424
2421
2420
1579
1578
1577
1564
1561
2437
2440
2438
2439
2441
2431
2427
2426
1558
1568
2079
1548
1546
2417
2430
1552
1551
1549
1550
2073
2090
2092
2089
1566
1570
1569
1556
1555
1554
1557
1520
1518
1532
1530
2086
2087
1516
2085
1515
1504
1529
1528
1527
1519
1521
1522
1538
1539
2411
1545
1541
2416
485
2415
2414
486
487
2412
2413
2410
2402
2401
2399
2407
2409
2429
2428
1544
1543
2406
2405
1535
2403
2368
2380
2381
2369
2370
2371
2386
2387
2397
2393
2395
2394
2379
2377
2378
2392
2390
2391
2374
2388
1001
1011
998
2373
2372
2376
2363
2366
2367
2361
2362
2347
2365
2355
2351
2353
2354
2339
2356
2357
2359
2360
2343
2342
1000
2329
2330
2328
2341
2326
2327
2340
2336
2323
2349
2334
2348
2333
2332
2346
2345
2331
2344
2149
2165
2164
2161
2162
2158
2163
2156
2154
2153
2147
2146
2319
2321
2307
2306
2305
2155
2167
2301
2302
2303
2313
2314
2287
2299
2300
2312
2310
2311
2291
2308
1600
1599
2293
2295
2309
2297
2292
2282
2281
2191
2271
2277
2276
2279
2290
2274
2273
2284
2285
2189
2184
2179
2181
2169
248
249
242
244
2193
2183
2190
2187
2186
2188
2185
235
237
238
239
241
246
247
225
226
227
233
229
231
230
219
224
222
221
218
223
213
212
215
2175
2173
2174
2176
2177
255
254
2159
259
206
204
202
207
209
210
211
216
217
734
736
733
732
727
731
728
193
194
191
195
199
197
198
274
273
175
173
187
186
185
182
184
183
188
722
726
725
720
723
721
724
742
741
740
739
737
738
200
201
203
258
260
262
261
743
745
746
747
2137
2140
2138
263
2135
265
267
269
280
281
2110
2125
2111
2124
2114
2116
2117
2132
2133
2119
2136
2120
2123
2122
2107
2109
2091
2108
2106
1594
1595
1598
2103
2102
2101
2100
2099
2098
2097
313
315
314
312
297
296
283
285
2131
2127
2130
2113
2115
302
301
298
291
290
286
288
289
293
294
295
304
305
303
317
316
319
318
320
310
307
309
306
155
150
149
152
153
321
323
121
123
133
131
142
138
141
325
111
109
110
106
107
105
85
102
104
98
99
83
112
97
115
113
116
114
780
796
640
639
117
119
120
128
126
124
762
760
763
764
765
702
699
779
641
766
145
767
143
768
754
748
749
751
759
1235
1236
1237
700
703
704
758
757
750
752
753
715
716
717
718
174
177
179
181
169
170
168
159
158
157
160
151
161
162
163
166
165
167
711
712
714
709
706
705
708
1226
1227
1228
1230
1232
1229
1231
696
697
698
1233
1239
670
680
692
693
688
689
686
685
684
682
681
1223
1221
1218
1219
1216
1220
1222
1247
1225
1251
1249
1250
1217
1214
1215
1211
1212
1213
662
1246
1243
1252
1255
1253
1245
1242
672
676
677
678
664
665
654
658
657
656
637
638
636
653
649
652
650
663
833
834
835
832
822
826
824
823
828
821
829
819
818
831
820
817
816
806
805
804
803
666
792
793
794
807
808
809
815
813
814
795
798
797
786
785
778
773
776
774
787
788
789
790
799
800
802
350
368
353
354
355
357
2003
373
372
371
370
376
369
366
367
365
346
362
359
361
342
339
338
337
336
335
348
349
332
334
330
331
1498
1499
1500
1510
1507
1506
1509
1505
1512
1511
1513
1514
1502
329
2071
1525
1523
2055
2068
2069
2054
2070
345
344
2081
341
94
93
2065
2051
2050
2056
2060
2058
2057
2066
2076
81
80
2063
2062
2061
2047
2045
2046
2049
76
77
78
82
74
86
88
75
830
2013
1997
1996
2001
2002
2000
2014
2015
90
91
89
2031
2030
2019
2018
2020
2017
2004
2008
2006
2009
2007
2010
2024
2025
2027
2029
2044
2040
415
2037
2023
2022
2034
2021
413
417
434
435
433
970
984
986
972
987
985
971
969
968
981
995
997
451
437
421
420
422
423
424
439
465
453
481
498
480
467
466
468
455
448
449
478
479
495
463
462
461
447
446
431
430
429
441
442
470
471
476
493
490
491
489
475
473
472
1524
1508
444
445
377
443
457
460
458
459
474
395
394
393
390
391
409
410
411
375
388
389
374
392
380
378
381
383
382
385
406
407
2033
405
403
402
401
399
398
397
