55.464 70.857 56.134 56.401 71.657 55.236 55.223 69.529 55.735 48.689 72.498 51.343 
55.464 70.857 56.134 48.612 74.216 53.13 56.401 71.657 55.236 48.689 72.498 51.343 
54.427 68.595 56.529 49.587 65.252 52.863 46.777 70.336 56.665 48.689 72.498 51.343 
48.159 74.629 54.467 54.941 71.275 57.169 52.984 71.243 60.599 46.777 70.336 56.665 
46.777 70.336 56.665 48.309 72.978 52.699 54.427 68.595 56.529 48.689 72.498 51.343 
48.689 72.498 51.343 52.276 66.931 49.781 52.647 67.115 48.618 54.101 67.224 48.336 
46.339 72.956 57.418 48.159 74.629 54.467 52.984 71.243 60.599 46.777 70.336 56.665 
46.777 70.336 56.665 49.587 65.252 52.863 46.729 70.919 54.367 48.689 72.498 51.343 
54.427 68.595 56.529 55.464 70.857 56.134 55.223 69.529 55.735 48.689 72.498 51.343 
48.159 74.629 54.467 48.309 72.978 52.699 54.427 68.595 56.529 46.777 70.336 56.665 
48.159 74.629 54.467 54.427 68.595 56.529 54.941 71.275 57.169 46.777 70.336 56.665 
54.427 68.595 56.529 52.984 71.243 60.599 54.941 71.275 57.169 46.777 70.336 56.665 
48.612 74.216 53.13 48.309 72.978 52.699 55.464 70.857 56.134 48.159 74.629 54.467 
48.309 72.978 52.699 54.427 68.595 56.529 55.464 70.857 56.134 48.159 74.629 54.467 
55.464 70.857 56.134 54.427 68.595 56.529 54.941 71.275 57.169 48.159 74.629 54.467 
54.427 68.595 56.529 48.309 72.978 52.699 55.464 70.857 56.134 48.689 72.498 51.343 
48.309 72.978 52.699 48.612 74.216 53.13 55.464 70.857 56.134 48.689 72.498 51.343 
56.401 71.657 55.236 48.612 74.216 53.13 49.198 75.007 52.379 48.689 72.498 51.343 
55.223 69.529 55.735 56.401 71.657 55.236 56.834 68.145 51.303 52.276 66.931 49.781 
51.276 76.381 49.616 56.401 71.657 55.236 48.689 72.498 51.343 50.86 74.46 48.114 
51.118 73.577 46.977 56.834 68.145 51.303 56.401 71.657 55.236 54.101 67.224 48.336 
51.118 73.577 46.977 48.689 72.498 51.343 52.647 67.115 48.618 54.101 67.224 48.336 
48.689 72.498 51.343 56.401 71.657 55.236 55.223 69.529 55.735 52.276 66.931 49.781 
56.834 68.145 51.303 51.118 73.577 46.977 56.401 71.657 55.236 51.519 75.592 48.362 
55.223 69.529 55.735 54.427 68.595 56.529 48.689 72.498 51.343 52.276 66.931 49.781 
52.276 66.931 49.781 56.401 71.657 55.236 56.834 68.145 51.303 54.101 67.224 48.336 
48.689 72.498 51.343 54.427 68.595 56.529 49.587 65.252 52.863 52.276 66.931 49.781 
52.276 66.931 49.781 48.689 72.498 51.343 56.401 71.657 55.236 54.101 67.224 48.336 
51.118 73.577 46.977 56.401 71.657 55.236 48.689 72.498 51.343 54.101 67.224 48.336 
49.198 75.007 52.379 56.401 71.657 55.236 48.689 72.498 51.343 51.276 76.381 49.616 
50.86 74.46 48.114 51.276 76.381 49.616 56.401 71.657 55.236 51.118 73.577 46.977 
50.86 74.46 48.114 56.401 71.657 55.236 48.689 72.498 51.343 51.118 73.577 46.977 
51.118 73.577 46.977 51.276 76.381 49.616 56.401 71.657 55.236 51.519 75.592 48.362 
