67.226 70.753 53.925 63.669 65.357 51.931 66.518 63.653 57.015 66.728 71.027 56.298 
67.226 70.753 53.925 63.669 65.357 51.931 69.617 69.983 50.481 68.723 63.581 56.01 
66.518 63.653 57.015 67.226 70.753 53.925 66.728 71.027 56.298 68.723 63.581 56.01 
63.669 65.357 51.931 67.226 70.753 53.925 66.518 63.653 57.015 68.723 63.581 56.01 
63.669 65.357 51.931 66.891 61.029 51.584 66.311 63.772 48.648 69.703 63.01 55.031 
68.723 63.581 56.01 63.669 65.357 51.931 69.617 69.983 50.481 69.703 63.01 55.031 
63.669 65.357 51.931 66.311 63.772 48.648 69.617 69.983 50.481 69.703 63.01 55.031 
69.12 64.438 56.844 67.226 70.753 53.925 69.852 70.692 51.73 69.703 63.01 55.031 
69.617 69.983 50.481 69.852 70.692 51.73 67.226 70.753 53.925 69.703 63.01 55.031 
67.226 70.753 53.925 69.12 64.438 56.844 68.723 63.581 56.01 69.703 63.01 55.031 
69.617 69.983 50.481 67.226 70.753 53.925 68.723 63.581 56.01 69.703 63.01 55.031 
