66.27 77.807 86.109 64.279 77.623 79.966 66.463 78.661 80.759 66.831 71.077 83.913 
67.263 70.904 81.475 66.463 78.661 80.759 67.666 74.326 78.777 64.279 77.623 79.966 
66.27 77.807 86.109 62.277 74.629 83.284 64.279 77.623 79.966 66.831 71.077 83.913 
64.279 77.623 79.966 62.277 74.629 83.284 66.408 70.962 82.644 66.831 71.077 83.913 
64.279 77.623 79.966 66.408 70.962 82.644 67.263 70.904 81.475 66.831 71.077 83.913 
64.279 77.623 79.966 67.263 70.904 81.475 66.463 78.661 80.759 66.831 71.077 83.913 
66.463 78.661 80.759 67.263 70.904 81.475 67.666 74.326 78.777 67.984 78.683 80.571 
67.984 78.683 80.571 66.27 77.807 86.109 66.463 78.661 80.759 66.831 71.077 83.913 
67.984 78.683 80.571 66.463 78.661 80.759 67.263 70.904 81.475 66.831 71.077 83.913 
67.984 78.683 80.571 69.77 76.47 80.65 66.27 77.807 86.109 66.831 71.077 83.913 
67.984 78.683 80.571 67.263 70.904 81.475 69.77 76.47 80.65 66.831 71.077 83.913 
