76.41 48.906 43.246 77.367 48.021 42.63 75.466 49.531 42.637 79.785 55.358 40.879 
77.367 48.021 42.63 77.286 51.535 47.168 84.834 52.89 42.863 79.785 55.358 40.879 
77.286 51.535 47.168 83.239 54.496 42.145 79.785 55.358 40.879 80.542 55.839 41.796 
83.239 54.496 42.145 84.834 52.89 42.863 77.286 51.535 47.168 79.785 55.358 40.879 
77.367 48.021 42.63 84.834 52.89 42.863 80.457 54.607 39.721 79.785 55.358 40.879 
77.286 51.535 47.168 77.367 48.021 42.63 76.41 48.906 43.246 79.785 55.358 40.879 
79.785 55.358 40.879 77.286 51.535 47.168 80.542 55.839 41.796 80.188 56.749 42.817 
77.286 51.535 47.168 77.637 50.109 47.056 77.367 48.021 42.63 84.834 52.89 42.863 
83.239 54.496 42.145 80.457 54.607 39.721 84.834 52.89 42.863 79.785 55.358 40.879 
77.286 51.535 47.168 76.41 48.906 43.246 75.466 49.531 42.637 79.785 55.358 40.879 
74.478 50.375 43.432 77.286 51.535 47.168 75.466 49.531 42.637 79.785 55.358 40.879 
