75.396 74.109 82.396 74.227 74.382 84.563 83.372 66.618 84.972 77.734 73.298 80.981 
76.673 72.625 80.915 76.694 71.369 80.124 77.734 73.298 80.981 81.366 66.597 83.159 
76.673 72.625 80.915 77.734 73.298 80.981 78.94 66.663 83.66 81.366 66.597 83.159 
78.94 66.663 83.66 76.694 71.369 80.124 76.673 72.625 80.915 81.366 66.597 83.159 
74.35 73.662 83.444 75.396 74.109 82.396 74.227 74.382 84.563 78.94 66.663 83.66 
78.94 66.663 83.66 74.227 74.382 84.563 83.372 66.618 84.972 81.366 66.597 83.159 
77.734 73.298 80.981 75.396 74.109 82.396 76.673 72.625 80.915 78.94 66.663 83.66 
78.94 66.663 83.66 75.396 74.109 82.396 74.227 74.382 84.563 81.366 66.597 83.159 
83.372 66.618 84.972 75.396 74.109 82.396 77.734 73.298 80.981 81.366 66.597 83.159 
78.94 66.663 83.66 77.734 73.298 80.981 75.396 74.109 82.396 81.366 66.597 83.159 
74.227 74.382 84.563 75.396 74.109 82.396 83.372 66.618 84.972 81.366 66.597 83.159 
74.35 73.662 83.444 76.673 72.625 80.915 75.396 74.109 82.396 78.94 66.663 83.66 
77.734 73.298 80.981 76.694 71.369 80.124 77.884 71.106 79.328 81.366 66.597 83.159 
77.884 71.106 79.328 77.734 73.298 80.981 81.366 66.597 83.159 78.97 70.109 77.387 
83.372 66.618 84.972 80.778 67.776 77.493 81.366 66.597 83.159 78.97 70.109 77.387 
77.734 73.298 80.981 83.372 66.618 84.972 81.366 66.597 83.159 78.97 70.109 77.387 
83.372 66.618 84.972 77.734 73.298 80.981 80.778 67.776 77.493 78.97 70.109 77.387 
