-2.112638678171160356e-01;-9.706821362471483861e-01;-1.146462756727178456e-01
-2.112638678171160356e-01;-9.706821362471483861e-01;-1.146462756727178456e-01
-2.112638678171160356e-01;-9.706821362471483861e-01;-1.146462756727178456e-01
-2.112694716325510258e-01;-9.706767237308436824e-01;-1.146817699691546483e-01
-2.112638678171159801e-01;-9.706821362471482750e-01;-1.146462756727178040e-01
-2.112637617656702993e-01;-9.706822386651674517e-01;-1.146456039479799571e-01
-2.112695780747054219e-01;-9.706766209091671760e-01;-1.146824441686558199e-01
-2.112637617656702715e-01;-9.706822386651674517e-01;-1.146456039479799710e-01
-2.112638678171160078e-01;-9.706821362471483861e-01;-1.146462756727178178e-01
-2.112708211825892191e-01;-9.706754202507374973e-01;-1.146903162341471882e-01
-2.112625193036253846e-01;-9.706834387261162878e-01;-1.146377325330860120e-01
-2.112651109055771470e-01;-9.706809359149672911e-01;-1.146541476148917882e-01
-2.112682291509862809e-01;-9.706779241180104600e-01;-1.146738984309690623e-01
-2.112651109055771470e-01;-9.706809359149672911e-01;-1.146541476148918159e-01
-2.112655496850960324e-01;-9.706805121343422549e-01;-1.146569268682246234e-01
-2.482067040110360889e-01;-9.224391524549808707e-01;-2.958030461339341000e-01
-2.482038017971839594e-01;-9.224436042334025476e-01;-2.957915985661430103e-01
-2.482067040110362000e-01;-9.224391524549809818e-01;-2.958030461339340444e-01
-2.481986128069635922e-01;-9.224515637553176717e-01;-2.957711296358521147e-01
-2.482105632149147478e-01;-9.224332339535291636e-01;-2.958182638150804733e-01
-2.300073041994570577e-01;-9.491732699183836885e-01;-2.148644774906769972e-01
-2.300171407687801872e-01;-9.491596036687859339e-01;-2.149143124965587626e-01
-2.300073041994570577e-01;-9.491732699183836885e-01;-2.148644774906769972e-01
-2.300171407687801872e-01;-9.491596036687859339e-01;-2.149143124965587626e-01
-2.300073041994570855e-01;-9.491732699183837996e-01;-2.148644774906770527e-01
-2.300103697696052885e-01;-9.491690111397812490e-01;-2.148800085870703758e-01
-2.300140747700107902e-01;-9.491638636683030761e-01;-2.148987792286286003e-01
-2.300103697696052885e-01;-9.491690111397812490e-01;-2.148800085870703758e-01
-2.300124342696802660e-01;-9.491661431585923792e-01;-2.148904668959950026e-01
-2.300073040983048878e-01;-9.491732699372075199e-01;-2.148644775158033704e-01
-2.300103696684534516e-01;-9.491690111586044143e-01;-2.148800086121985253e-01
-2.300140746688587312e-01;-9.491638636871266854e-01;-2.148987792537556396e-01
-2.300103696684534238e-01;-9.491690111586044143e-01;-2.148800086121985253e-01
-2.300140746688587035e-01;-9.491638636871266854e-01;-2.148987792537556396e-01
-2.300103696684533960e-01;-9.491690111586044143e-01;-2.148800086121985253e-01
-2.300073040983048323e-01;-9.491732699372075199e-01;-2.148644775158033982e-01
-2.300171406676284058e-01;-9.491596036876089881e-01;-2.149143125216876060e-01
-2.300073040983048045e-01;-9.491732699372074089e-01;-2.148644775158033982e-01
-2.300140744089786971e-01;-9.491638637354881114e-01;-2.148987793183119999e-01
-2.300103694085739725e-01;-9.491690112069650631e-01;-2.148800086767577999e-01
-2.300073038384244928e-01;-9.491732699855693900e-01;-2.148644775803580098e-01
-2.301004616432303085e-01;-9.490438284766836707e-01;-2.153359913760155286e-01
-2.237967062280048769e-01;-9.651589403864846428e-01;-1.355848593078684272e-01
-2.237967062280048769e-01;-9.651589403864846428e-01;-1.355848593078683717e-01
-2.237979632724945434e-01;-9.651637726340436263e-01;-1.355483811408437211e-01
-2.237969982435319138e-01;-9.651600608597098452e-01;-1.355764009644224166e-01
-2.237967069301745882e-01;-9.651589402233065051e-01;-1.355848593104460320e-01
-2.237970600649598629e-01;-9.651602979180508024e-01;-1.355746112995361574e-01
-2.237979639262740184e-01;-9.651637724821102715e-01;-1.355483811432494634e-01
-2.237962579861767221e-01;-9.651572131546886091e-01;-1.355978938142467227e-01
-2.246356950074444581e-01;-9.687209991066960679e-01;-1.054439681453952782e-01
-2.246348068722317515e-01;-9.687166525574975040e-01;-1.054857838728610886e-01
-2.246298925386668033e-01;-9.687032879020701648e-01;-1.056188969161588748e-01
-2.246326935764033916e-01;-9.687084434056449922e-01;-1.055656414332914600e-01
-2.246298925386667755e-01;-9.687032879020701648e-01;-1.056188969161588609e-01
-2.246322132177236974e-01;-9.687075579383674917e-01;-1.055747885529090269e-01
-2.231878433956172580e-01;-9.747404451090334598e-01;8.261430206500565074e-03
-2.231907271383921365e-01;-9.747400982939284919e-01;8.224359998099744010e-03
-2.231885042364494254e-01;-9.747403656983680831e-01;8.252942197063725671e-03
-2.231878929905080633e-01;-9.747404390779553784e-01;8.260801932762540725e-03
-2.231878441136304903e-01;-9.747404449441423591e-01;8.261430263895312015e-03
-2.231907278564048969e-01;-9.747400981290376132e-01;8.224360055500763711e-03
-2.231885049544647948e-01;-9.747403655334767603e-01;8.252942254431171534e-03
-2.231878448184830832e-01;-9.747404447822736184e-01;8.261430320238056721e-03
-2.231878448184830832e-01;-9.747404447822736184e-01;8.261430320238056721e-03
-2.231907528365785209e-01;-9.747400950476958759e-01;8.224047339968575815e-03
-2.231878693131432723e-01;-9.747404418364218337e-01;8.261116147141126312e-03
-2.231885050027114792e-01;-9.747403655223969565e-01;8.252942258285947408e-03
-2.231878448667296289e-01;-9.747404447711938147e-01;8.261430324094669667e-03
-2.231907528848250666e-01;-9.747400950366160721e-01;8.224047343825462847e-03
-2.231878448667296844e-01;-9.747404447711939257e-01;8.261430324094669667e-03
-2.231878448667296844e-01;-9.747404447711939257e-01;8.261430324094671401e-03
-2.231885293989887553e-01;-9.747403625936439386e-01;8.252628401220431578e-03
-2.231907278498488911e-01;-9.747400981305430756e-01;8.224360054976649972e-03
-2.231878441070744568e-01;-9.747404449456479325e-01;8.261430263371250318e-03
-2.231833901965036004e-01;-9.747409776133103554e-01;8.318707943140976613e-03
-2.215152879440873968e-01;-9.734228471510740777e-01;5.812863194110932247e-02
-2.215152642599513277e-01;-9.734229846882359594e-01;5.812641895464149694e-02
-2.215152879440875078e-01;-9.734228471510740777e-01;5.812863194110931553e-02
-2.215152642599514388e-01;-9.734229846882359594e-01;5.812641895464149694e-02
-2.215152879440876188e-01;-9.734228471510740777e-01;5.812863194110930859e-02
-2.215152642599515498e-01;-9.734229846882359594e-01;5.812641895464148306e-02
-2.215151863050922876e-01;-9.734234370570723494e-01;5.811913991290862391e-02
-2.176435865259122027e-01;-9.706066472716994298e-01;1.027326896179046045e-01
-2.176496272172195601e-01;-9.706087305082145011e-01;1.027002046416549408e-01
-2.176435865259122304e-01;-9.706066472716994298e-01;1.027326896179046045e-01
-2.176496272172195878e-01;-9.706087305082145011e-01;1.027002046416549408e-01
-2.176435865259122582e-01;-9.706066472716994298e-01;1.027326896179046045e-01
-2.176428714748094850e-01;-9.706064005992512955e-01;1.027365349423730867e-01
-2.176503420188929117e-01;-9.706089769451703431e-01;1.026963606585394040e-01
-2.176428714748094850e-01;-9.706064005992512955e-01;1.027365349423730867e-01
-2.176503420188929117e-01;-9.706089769451703431e-01;1.026963606585394179e-01
-2.176327664357927405e-01;-9.706029125060313678e-01;1.027908809589293676e-01
-2.785373103012257490e-01;-9.414795039348702321e-01;-1.898244200325903963e-01
-2.785294846849785677e-01;-9.414886413556584621e-01;-1.897905802704570322e-01
-2.785349955888387630e-01;-9.414822072246649132e-01;-1.898144085987643059e-01
-2.785310623496239923e-01;-9.414867993890329023e-01;-1.897974022018870388e-01
-2.785373104743719130e-01;-9.414795038939463012e-01;-1.898244199814983213e-01
-2.785294848581250093e-01;-9.414886413147339761e-01;-1.897905802193664004e-01
-2.785349957619835393e-01;-9.414822071837426476e-01;-1.898144085476660692e-01
-2.785294848581250093e-01;-9.414886413147339761e-01;-1.897905802193664559e-01
-2.785373104743718575e-01;-9.414795038939463012e-01;-1.898244199814983491e-01
-2.785310623496239368e-01;-9.414867993890330133e-01;-1.897974022018870943e-01
-2.785349955888386519e-01;-9.414822072246650242e-01;-1.898144085987644170e-01
-2.785318438554648113e-01;-9.414858871375901828e-01;-1.898007805021357519e-01
-2.490056662794336850e-01;-9.685012862322184279e-01;-1.198635588474253463e-03
-2.490056662794336850e-01;-9.685012862322184279e-01;-1.198635588474253680e-03
-2.490056662794336573e-01;-9.685012862322183169e-01;-1.198635588474258017e-03
-2.490056623672680935e-01;-9.685012872944158691e-01;-1.198590045669304738e-03
-2.490088274373026545e-01;-9.685004272363617606e-01;-1.235435665899843952e-03
-2.490056662193758652e-01;-9.685012862476527484e-01;-1.198635593993351879e-03
-2.490056662193758652e-01;-9.685012862476527484e-01;-1.198635593993352530e-03
-2.490048532789603253e-01;-9.685015069210259897e-01;-1.189174177814633984e-03
-2.490056662193758930e-01;-9.685012862476527484e-01;-1.198635593993350795e-03
-2.490198649019301214e-01;-9.684974164529854823e-01;-1.364261014957212628e-03
-2.492057038420539272e-01;-9.684438963069079698e-01;-3.596787244386741040e-03
-2.492086830732773983e-01;-9.684429922497513887e-01;-3.633599211647030140e-03
-2.492049363301214182e-01;-9.684441289419892795e-01;-3.587314663053039858e-03
-2.492056920609745096e-01;-9.684438998459975467e-01;-3.596650592771774221e-03
-2.492057031251829480e-01;-9.684438964911452619e-01;-3.596787306924978216e-03
-2.492086823564069742e-01;-9.684429924339884588e-01;-3.633599274192274731e-03
-2.492049356132526317e-01;-9.684441291262259055e-01;-3.587314725618529106e-03
-2.492057024254816511e-01;-9.684438966709697505e-01;-3.596787367965368406e-03
-2.492086816567062602e-01;-9.684429926138128364e-01;-3.633599335239494094e-03
-2.492057024254817066e-01;-9.684438966709697505e-01;-3.596787367965363202e-03
-2.492049356132526594e-01;-9.684441291262257945e-01;-3.587314725618526504e-03
-2.492056913441033361e-01;-9.684439000302347278e-01;-3.596650655307629622e-03
-2.492086815829109847e-01;-9.684429926327783322e-01;-3.633599341677960608e-03
-2.492057023516863479e-01;-9.684438966899353574e-01;-3.596787374403109371e-03
-2.492057023516863479e-01;-9.684438966899353574e-01;-3.596787374403109805e-03
-2.492079154626445914e-01;-9.684432252732041446e-01;-3.624126542701420779e-03
-2.501125962870925368e-01;-9.680933401960047924e-01;-1.545877895153439409e-02
-2.448977189285898581e-01;-9.635265516985942469e-01;1.078966701774881493e-01
-2.448978317355576528e-01;-9.635275297358275592e-01;1.078876797989294228e-01
-2.460669268764712481e-01;-9.525876458524684676e-01;1.789632489278777383e-01
-2.460672336693183748e-01;-9.525863100795373128e-01;1.789699370379863597e-01
-2.460685597988145068e-01;-9.525805355623593318e-01;1.789988467735640909e-01
-2.460673492238798499e-01;-9.525858091454904031e-01;1.789724444169118744e-01
-2.460669275982356463e-01;-9.525876456787640834e-01;1.789632488600778615e-01
-2.460672343910826343e-01;-9.525863099058333727e-01;1.789699369701839293e-01
-2.460669275982356186e-01;-9.525876456787640834e-01;1.789632488600778892e-01
-2.460669275982356186e-01;-9.525876456787640834e-01;1.789632488600778892e-01
-2.460688673698689100e-01;-9.525791991094876288e-01;1.790055360463382594e-01
-2.460673500518479051e-01;-9.525858089462204692e-01;1.789724443391667030e-01
-2.460669284262023138e-01;-9.525876454795003667e-01;1.789632487823017704e-01
-2.460669284262023138e-01;-9.525876454795003667e-01;1.789632487823017704e-01
-2.460672352190491630e-01;-9.525863097065702112e-01;1.789699368924049239e-01
-2.460678048660543960e-01;-9.525838290032714317e-01;1.789823570351767035e-01
-2.463764262637403724e-01;-9.497844265869619385e-01;1.928942705068861785e-01
-2.463764124607101813e-01;-9.497825594134300387e-01;1.929034816094936378e-01
-2.463764154566532028e-01;-9.497829646829101247e-01;1.929014823812210122e-01
-2.463763642330444870e-01;-9.497759056638558350e-01;1.929363008034221671e-01
-2.555726095572992684e-01;-9.071510803468078032e-01;3.343045896629176505e-01
-2.555754643296259121e-01;-9.071425375045742978e-01;3.343255878368540657e-01
-2.605709262647807334e-01;-8.950002904946072757e-01;3.620459534369677157e-01
-2.605797619445686109e-01;-8.949819086821522163e-01;3.620850325497643740e-01
-2.605709262647806779e-01;-8.950002904946071647e-01;3.620459534369677157e-01
-2.605756872467424046e-01;-8.949903861661409055e-01;3.620670102150566061e-01
-2.605777696794110976e-01;-8.949860538580713953e-01;3.620762203576218252e-01
-2.605729188164506160e-01;-8.949961456286459338e-01;3.620547655940231646e-01
-2.605709264025102279e-01;-8.950002904715027574e-01;3.620459533949572095e-01
-2.605797620822989935e-01;-8.949819086590458106e-01;3.620850325077577536e-01
-2.605709264025102834e-01;-8.950002904715027574e-01;3.620459533949572095e-01
-2.605729188164506716e-01;-8.949961456286459338e-01;3.620547655940230536e-01
-2.605770760004214037e-01;-8.949874970766868998e-01;3.620731521936941255e-01
-2.330873782055518373e-01;-9.331385334224839845e-01;2.737202067137128880e-01
-2.330868404148246920e-01;-9.331390646796642319e-01;2.737188535599909822e-01
-2.330873782055518928e-01;-9.331385334224840955e-01;2.737202067137129435e-01
-2.330558333657684889e-01;-9.331696877491285624e-01;2.736408456359924468e-01
-3.116755017448777920e-01;-8.287820433117031316e-01;4.647350926023952611e-01
-3.116927831665030624e-01;-8.287528612040860887e-01;4.647755414906858951e-01
-2.485731398756681476e-01;-9.451367677326949490e-01;2.119619881302902964e-01
-2.485759217676871691e-01;-9.451302901663041212e-01;2.119876074856794634e-01
-2.485707085352607537e-01;-9.451424281849616360e-01;2.119395982418413038e-01
-2.506574790862149404e-01;-9.677741394830207122e-01;2.416698421488924428e-02
-2.506562700937531307e-01;-9.677742157175731608e-01;2.417646903341225118e-02
-2.506575956215443823e-01;-9.677741321347379522e-01;2.416606976902160864e-02
-2.506562700937531307e-01;-9.677742157175732718e-01;2.417646903341225811e-02
-2.506574790862148849e-01;-9.677741394830207122e-01;2.416698421488923734e-02
-2.506574790862148849e-01;-9.677741394830207122e-01;2.416698421488924081e-02
-2.506562700937531307e-01;-9.677742157175732718e-01;2.417646903341224771e-02
-2.506575956215443823e-01;-9.677741321347380632e-01;2.416606976902161211e-02
-2.519564778599079347e-01;-9.676486801712641528e-01;1.318958025263048880e-02
-2.555633638927309881e-01;-9.666625726540131192e-01;-1.583785546583234283e-02
-2.555647906571531514e-01;-9.666620276201284279e-01;-1.584809558615112371e-02
-2.555633638927309326e-01;-9.666625726540131192e-01;-1.583785546583235324e-02
-2.555634471636837324e-01;-9.666625408483350279e-01;-1.583845303229502316e-02
-2.555647073576899908e-01;-9.666620594455046511e-01;-1.584749764959966778e-02
-2.555634471636838434e-01;-9.666625408483350279e-01;-1.583845303229500928e-02
-2.555633638927309326e-01;-9.666625726540131192e-01;-1.583785546583235671e-02
-2.555647073210375875e-01;-9.666620594551026402e-01;-1.584749765521651504e-02
-2.555634471270315511e-01;-9.666625408579329060e-01;-1.583845303791346637e-02
-2.555633638560786403e-01;-9.666625726636109972e-01;-1.583785547145059522e-02
-2.555647906205006925e-01;-9.666620276297264169e-01;-1.584809559176819996e-02
-2.555655180711171037e-01;-9.666617496980344226e-01;-1.585331649139440011e-02
-2.547553084963266046e-01;-9.669432998961031700e-01;-1.097212736784908618e-02
-2.547552293849734695e-01;-9.669433253937480544e-01;-1.097171716231161442e-02
-2.547483363462727524e-01;-9.669455463294125419e-01;-1.093597560898183080e-02
-2.547732433226270743e-01;-9.669375146583812919e-01;-1.106513592968623449e-02
-2.496884686351453775e-01;-9.681258110336113942e-01;1.969981322622957678e-02
-2.496821162889950041e-01;-9.681265119271560415e-01;1.974582764047064926e-02
-2.496885712677046343e-01;-9.681257997095468193e-01;1.969906888771751421e-02
-2.496834193649310196e-01;-9.681263682300539353e-01;1.973639358956447501e-02
-2.496884686246095830e-01;-9.681258110363590852e-01;1.969981322473339166e-02
-2.496821162784592651e-01;-9.681265119299036215e-01;1.974582763897418311e-02
-2.496884686246096108e-01;-9.681258110363590852e-01;1.969981322473339513e-02
-2.496835223896370359e-01;-9.681263568611296888e-01;1.973564789664611005e-02
-2.496871669055446274e-01;-9.681259547391970477e-01;1.970924765182574534e-02
-2.496821552962791291e-01;-9.681265074680078797e-01;1.974555302851947053e-02
-2.515433754026977220e-01;-9.678308581915661124e-01;5.418507469237192863e-03
-2.515445601650728724e-01;-9.678306046744796776e-01;5.408780527164362695e-03
-2.515433754026976110e-01;-9.678308581915661124e-01;5.418507469237185056e-03
-2.515433754026976110e-01;-9.678308581915661124e-01;5.418507469237178985e-03
-2.515445601650727614e-01;-9.678306046744796776e-01;5.408780527164348817e-03
-2.515433754026975000e-01;-9.678308581915661124e-01;5.418507469237174648e-03
-2.515433754026975000e-01;-9.678308581915661124e-01;5.418507469237167709e-03
-2.515445601650727059e-01;-9.678306046744797886e-01;5.408780527164334939e-03
-2.515423325738589955e-01;-9.678310812562660459e-01;5.427068972214870411e-03
-2.471791679026300870e-01;-9.682523567521095220e-01;3.728045867407023262e-02
-2.471791679026300870e-01;-9.682523567521095220e-01;3.728045867407023262e-02
-2.471736108316280323e-01;-9.682523687285556901e-01;3.731697415380894750e-02
-2.473737983097455406e-01;-9.682513530078979969e-01;3.599335088852139569e-02
-2.504648684704672279e-01;-9.680430213403130590e-01;1.265142270220159272e-02
-2.504689690084516140e-01;-9.680424272239975814e-01;1.261565131551503280e-02
-2.519694028025131760e-01;-9.676857630694293277e-01;-9.781820080188050742e-03
-2.519699323410748426e-01;-9.676853526898868685e-01;-9.808740259776399864e-03
-2.519694028025132315e-01;-9.676857630694294388e-01;-9.781820080188049008e-03
-2.519701280252479858e-01;-9.676852004937354090e-01;-9.818723355891454882e-03
-2.519695233575151572e-01;-9.676856693804309906e-01;-9.787981136792583622e-03
-2.518286034178346400e-01;-9.674211868449908991e-01;2.604998549044652487e-02
-2.507175155820714485e-01;-9.679231872182845198e-01;-1.629205406177165055e-02
-2.507186276321416440e-01;-9.679233589050389996e-01;-1.626471777322424303e-02
-2.507175408631878155e-01;-9.679231911213868056e-01;-1.629143311397410893e-02
-2.507171268653662355e-01;-9.679231270109786012e-01;-1.630161015559300139e-02
-2.507190164085398854e-01;-9.679234187330352235e-01;-1.625516161985769703e-02
-2.507171268653661800e-01;-9.679231270109786012e-01;-1.630161015559300139e-02
-2.507175408631877600e-01;-9.679231911213868056e-01;-1.629143311397410546e-02
-2.507186276321416440e-01;-9.679233589050388886e-01;-1.626471777322424303e-02
-2.491755374611407670e-01;-9.676625897196812209e-01;-3.925129281885605947e-02
-2.069809046107231321e-01;-9.571107660960691543e-01;-2.027261368189176849e-01
-2.292045676081644334e-01;-9.617156516642646480e-01;-1.502273994034815374e-01
-2.291885334918236095e-01;-9.617133482466903027e-01;-1.502666028098306461e-01
-2.292045676081643779e-01;-9.617156516642646480e-01;-1.502273994034815097e-01
-2.292012625686571659e-01;-9.617151770619920548e-01;-1.502354799824421050e-01
-2.291885328532152766e-01;-9.617133484379338793e-01;-1.502666025598765054e-01
-2.292074914660332807e-01;-9.617160719147129777e-01;-1.502202478921635664e-01
-1.863662511334764627e-01;-9.476977447059680149e-01;-2.591073235508331019e-01
-1.863628164710351975e-01;-9.476959348059000865e-01;-2.591164135853892825e-01
-1.863637808746068936e-01;-9.476964429717874561e-01;-2.591138613751555186e-01
-1.863788137876996320e-01;-9.477043633259619737e-01;-2.590740772520925828e-01
-1.863474380405704400e-01;-9.476878290913383074e-01;-2.591571162979365295e-01
-2.019138551935682757e-01;-9.554381400801085222e-01;-2.153340557392947607e-01
-2.018644991718985815e-01;-9.554151492868458995e-01;-2.154822881057112671e-01
-1.731120497338511088e-01;-9.190181825982224328e-01;-3.541719897038796416e-01
-1.731083590175885312e-01;-9.190013733495712156e-01;-3.542174075618527151e-01
-1.731125504939746984e-01;-9.190204680869251685e-01;-3.541658144129105068e-01
-1.731120488184614004e-01;-9.190181827742169851e-01;-3.541719896946264323e-01
-1.731110221264265392e-01;-9.190135069960340131e-01;-3.541846241400017359e-01
-1.731093848621522713e-01;-9.190060501285097772e-01;-3.542047722714113389e-01
-1.731227612130149807e-01;-9.190669934154906962e-01;-3.540400699980044141e-01
-1.718824484507488481e-01;-9.147709774015739814e-01;-3.655823885505767867e-01
-1.718774481106968843e-01;-9.147569913342530334e-01;-3.656197336524114050e-01
-1.831048134876686606e-01;-9.547061423319086471e-01;-2.345395682424855632e-01
-1.831042005481196278e-01;-9.547024549702715079e-01;-2.345550558299069888e-01
-1.831048134876686051e-01;-9.547061423319085360e-01;-2.345395682424855632e-01
-1.830383439199287088e-01;-9.542421504558767920e-01;-2.364717381599620860e-01
-1.843373927478964280e-01;-9.461520095696756005e-01;-2.661129467391099013e-01
-1.843333268889934540e-01;-9.461624509651986870e-01;-2.660786368379912670e-01
-1.843373927478964280e-01;-9.461520095696756005e-01;-2.661129467391099568e-01
-1.843373927478964280e-01;-9.461520095696756005e-01;-2.661129467391099568e-01
-1.843287113615884043e-01;-9.461742982158072302e-01;-2.660397029835979144e-01
-1.726641969217362627e-01;-9.692171971427382404e-01;-1.755138167328897936e-01
-1.726601138937451929e-01;-9.692232454527890395e-01;-1.754844310591727741e-01
-1.726641969217362904e-01;-9.692171971427383514e-01;-1.755138167328898213e-01
-1.678836891740094761e-01;-9.757853879242455175e-01;-1.402067887901816967e-01
-1.727670059267989444e-01;-9.686502269791508191e-01;-1.785169443955650914e-01
-1.727633745256131337e-01;-9.686563148312766769e-01;-1.784874229743190488e-01
-1.727678205543632661e-01;-9.686488612991107638e-01;-1.785235661889811865e-01
-1.727650984456588767e-01;-9.686534243816966594e-01;-1.785014403098038882e-01
-1.683659485790428845e-01;-9.753828115809777266e-01;-1.424123528050359189e-01
-1.683660656747164863e-01;-9.753826497884073854e-01;-1.424133224841063750e-01
-1.683659485790428845e-01;-9.753828115809777266e-01;-1.424123528050358911e-01
-1.683653059533803398e-01;-9.753836993618026918e-01;-1.424070320261929812e-01
-1.683711089074909628e-01;-9.753756804109851020e-01;-1.424550867749892202e-01
-1.683659483784532840e-01;-9.753828116113258950e-01;-1.424123528343266554e-01
-1.683653057527906005e-01;-9.753836993921510823e-01;-1.424070320554826352e-01
-1.675585976106677422e-01;-9.764645804295511988e-01;-1.357977891325448105e-01
-1.623017075701084222e-01;-9.825381076573346251e-01;-9.097814419392698249e-02
-1.623020891272185240e-01;-9.825377271593699335e-01;-9.098157271359998133e-02
-1.622975869903713619e-01;-9.825422160178945985e-01;-9.094111831150947234e-02
-1.623014090979904012e-01;-9.825384058440026491e-01;-9.097545628537834217e-02
-1.623017082749352857e-01;-9.825381075492803928e-01;-9.097814410349726322e-02
-1.623020898320449712e-01;-9.825377270513160344e-01;-9.098157262316683425e-02
-1.623010649486995027e-01;-9.825387490687030878e-01;-9.097236335847415367e-02
-1.298157384656518365e-01;-9.867110301496203606e-01;9.772009531151996942e-02
-1.298251450595166168e-01;-9.867137719642355975e-01;9.767990543804844217e-02
-1.298146115485120100e-01;-9.867107019356490261e-01;9.772490631444896714e-02
-1.298251450595166168e-01;-9.867137719642355975e-01;9.767990543804845605e-02
-1.298157384656518365e-01;-9.867110301496203606e-01;9.772009531151996942e-02
-1.298157384656518365e-01;-9.867110301496203606e-01;9.772009531151996942e-02
-1.298240195960684573e-01;-9.867134437140276937e-01;9.768471697212399718e-02
-1.298157384656518087e-01;-9.867110301496203606e-01;9.772009531151996942e-02
-1.298251450595165890e-01;-9.867137719642355975e-01;9.767990543804844217e-02
-1.298157384656518087e-01;-9.867110301496203606e-01;9.772009531151996942e-02
-1.298146122772809441e-01;-9.867107018236304095e-01;9.772490647740766923e-02
-1.298789522076908565e-01;-9.867294364219959535e-01;9.744986953178842726e-02
-6.810625926193202007e-02;-9.391398068089952256e-01;3.367164396285242667e-01
-6.809694839002507216e-02;-9.391287309303305575e-01;3.367492128589954503e-01
-6.811027158033171325e-02;-9.391445808820123586e-01;3.367023122955987713e-01
-6.809694839002508604e-02;-9.391287309303305575e-01;3.367492128589954503e-01
-6.810208920328346405e-02;-9.391348465288446024e-01;3.367311174830617815e-01
-6.685362459429371185e-02;-9.377124536271562727e-01;3.409192678496533180e-01
-6.013246521627822749e-02;-9.294249243498955426e-01;3.640788329801721290e-01
-6.461806993390911691e-02;-9.351973579396251068e-01;3.481815715122805188e-01
-6.462766697744702638e-02;-9.352087615735299453e-01;3.481491590355445531e-01
-6.461740616003076865e-02;-9.351965700783791968e-01;3.481838108453421676e-01
-6.461449589750521694e-02;-9.351931120138625708e-01;3.481936388875283006e-01
-6.461806907515617315e-02;-9.351973580757902971e-01;3.481815713059212003e-01
-6.462766611869549815e-02;-9.352087617096969119e-01;3.481491588291804606e-01
-6.691333867699163218e-02;-9.378610192339460472e-01;3.404986251199293990e-01
-7.617178291977325100e-02;-9.485421201821048198e-01;3.073527382784483897e-01
-7.617458979413511966e-02;-9.485454243866595636e-01;3.073418450924429446e-01
-7.618114109865053996e-02;-9.485531365629201739e-01;3.073164181386238702e-01
-7.617178294964761787e-02;-9.485421201776494948e-01;3.073527382847948686e-01
-7.617178294964761787e-02;-9.485421201776494948e-01;3.073527382847948686e-01
-7.617458982400955592e-02;-9.485454243822042386e-01;3.073418450987891459e-01
-7.617178294964765950e-02;-9.485421201776493838e-01;3.073527382847948131e-01
-7.618044603512832968e-02;-9.485523175237241533e-01;3.073191184457306213e-01
-7.617528604862945640e-02;-9.485462432029280189e-01;3.073391454094667741e-01
-7.617178377259035960e-02;-9.485421200549158938e-01;3.073527384596195788e-01
-7.617068393552484107e-02;-9.485408255585461301e-01;3.073570060328971176e-01
-6.004301734953046421e-02;-9.281719580731698782e-01;3.672759892971251272e-01
-6.003945670602413298e-02;-9.281671718884506594e-01;3.672886666738314210e-01
-6.004301734953045727e-02;-9.281719580731697672e-01;3.672759892971250717e-01
-6.004301734953045727e-02;-9.281719580731697672e-01;3.672759892971250717e-01
-6.004261532569588056e-02;-9.281714176620320389e-01;3.672774207327536011e-01
-6.807862673395091713e-02;-9.377056151728362376e-01;3.406955823830888352e-01
-6.807195223826327524e-02;-9.376986092545236406e-01;3.407161979134596397e-01
-6.807004914171621568e-02;-9.376966117484177854e-01;3.407220754887792524e-01
-8.937036516413575382e-02;-9.601729605020757896e-01;2.647278295742785392e-01
-8.936959700914631766e-02;-9.601721442926937078e-01;2.647310492835954765e-01
-8.936512571978527664e-02;-9.601673930280496538e-01;2.647497906907684828e-01
-1.427320951700698226e-01;-9.897440495501107494e-01;5.853664536857123603e-03
-1.427320951700698226e-01;-9.897440495501107494e-01;5.853664536857123603e-03
-1.427320951700698226e-01;-9.897440495501107494e-01;5.853664536857122735e-03
-1.427311564582759151e-01;-9.897441531936963521e-01;5.859026794273258093e-03
-1.427295093329281894e-01;-9.897443349769664556e-01;5.868436468435499036e-03
-1.494980217175564396e-01;-9.878862668351829912e-01;-4.160607288584981800e-02
-1.494966499943342353e-01;-9.878869978463279411e-01;-4.159364286331265759e-02
-1.613757896377958356e-01;-9.786417666116887792e-01;-1.273504894451945313e-01
-1.653766482335088106e-01;-9.747259005794860487e-01;-1.501998101149269738e-01
-1.688660156708694793e-01;-9.682508843066948145e-01;-1.843217127490655305e-01
-1.605949739456278558e-01;-9.867324959625378700e-01;-2.383769609134384765e-02
-1.605954622530640363e-01;-9.867322690438872224e-01;-2.384379859054737774e-02
-1.605919736747306314e-01;-9.867338893670624111e-01;-2.380020096143160152e-02
-1.605949746586596838e-01;-9.867324958479705144e-01;-2.383769603001495430e-02
-1.605949746586596838e-01;-9.867324958479705144e-01;-2.383769603001495430e-02
-1.605954629660980293e-01;-9.867322689293187565e-01;-2.384379852924557730e-02
-1.605949746586596560e-01;-9.867324958479705144e-01;-2.383769603001496123e-02
-1.605950471610542996e-01;-9.867324621638436932e-01;-2.383860187632080158e-02
-1.605924626569024405e-01;-9.867336625760432245e-01;-2.380630330519253879e-02
-1.605949746281034873e-01;-9.867324958528801426e-01;-2.383769603264314363e-02
-1.605959399459516990e-01;-9.867320472783540630e-01;-2.384975779215229783e-02
-1.518643408579600507e-01;-9.861432052518763758e-01;6.677425185902889637e-02
-1.518643408579600507e-01;-9.861432052518763758e-01;6.677425185902889637e-02
-1.518643408579600507e-01;-9.861432052518763758e-01;6.677425185902889637e-02
-1.518597563732796418e-01;-9.861411566155949826e-01;6.681492066226576987e-02
-1.647924661713208727e-01;-8.509328329781514766e-01;4.987552073441956502e-01
-1.647870573378121539e-01;-8.509497906865897132e-01;4.987280616371952413e-01
-1.647956837377743122e-01;-8.509227502167210355e-01;4.987713461948384275e-01
-1.144480978266203958e-01;-9.297821220101142314e-01;3.498668868215991656e-01
-1.144463505274911780e-01;-9.297837176706930107e-01;3.498632178514966551e-01
-1.144427564949528076e-01;-9.297869997967699307e-01;3.498556709484046401e-01
-1.144480975848290588e-01;-9.297821219984565566e-01;3.498668869316737262e-01
-1.144463502857036158e-01;-9.297837176590321162e-01;3.498632179615790427e-01
-1.144480975848291143e-01;-9.297821219984566676e-01;3.498668869316737262e-01
-1.144427564949528353e-01;-9.297869997967698197e-01;3.498556709484045291e-01
-1.144463505274912613e-01;-9.297837176706930107e-01;3.498632178514967106e-01
-1.144522774309613550e-01;-9.297783050149793782e-01;3.498756632210053286e-01
-1.142377563336190865e-01;-9.299659450097830238e-01;3.494468144795744302e-01
-1.142358698364451947e-01;-9.299675277158322428e-01;3.494432191884881966e-01
-1.142435274188521310e-01;-9.299611032683569034e-01;3.494578126910293792e-01
-1.142377565699178310e-01;-9.299659450248516368e-01;3.494468143622241896e-01
-1.142358700727400672e-01;-9.299675277309040755e-01;3.494432190711305730e-01
-1.142377565699178310e-01;-9.299659450248516368e-01;3.494468143622241896e-01
-1.142435274188521310e-01;-9.299611032683569034e-01;3.494578126910293236e-01
-1.142161602976845408e-01;-9.299840617441264001e-01;3.494056576942492498e-01
-1.230928188367837461e-01;-9.220376993545795763e-01;3.670076823715394121e-01
-1.231003378975647211e-01;-9.220305115817899466e-01;3.670232179600198541e-01
-1.230928188367838017e-01;-9.220376993545795763e-01;3.670076823715394121e-01
-1.231003378975647489e-01;-9.220305115817899466e-01;3.670232179600197986e-01
-1.231069637027798064e-01;-9.220241773937079000e-01;3.670369079388868805e-01
-1.230947074871395069e-01;-9.220358941847276446e-01;3.670115840455520639e-01
-1.230984495720399141e-01;-9.220323169751841741e-01;3.670193157945959572e-01
-1.230947074871395347e-01;-9.220358941847276446e-01;3.670115840455520639e-01
-1.230984495720399835e-01;-9.220323169751842851e-01;3.670193157945960127e-01
-1.230928188484717439e-01;-9.220376993551633316e-01;3.670076823661524990e-01
-1.231043660425252817e-01;-9.220266604579511194e-01;3.670315415138409310e-01
-6.264886342151664012e-02;-9.830630771195614237e-01;1.722269035784232405e-01
-6.264952015921169959e-02;-9.830623241475108243e-01;1.722309625633987873e-01
-6.264886342151666787e-02;-9.830630771195614237e-01;1.722269035784232405e-01
-6.264952015921172734e-02;-9.830623241475108243e-01;1.722309625633987873e-01
-6.268715995194781843e-02;-9.830191377597425895e-01;1.724636042046293616e-01
-4.897493492270546533e-02;-9.959512405128763124e-01;-7.538290436285702278e-02
-4.897305372269331047e-02;-9.959542717070363205e-01;-7.534406862906525837e-02
-4.897493492270547227e-02;-9.959512405128764234e-01;-7.538290436285702278e-02
-4.897488633073208975e-02;-9.959513188287648644e-01;-7.538190122394090864e-02
-4.897310224870803086e-02;-9.959541935358255937e-01;-7.534507040636918840e-02
-4.897479688278835730e-02;-9.959514640362832072e-01;-7.538004082165170039e-02
-4.897502571054552362e-02;-9.959510952336159129e-01;-7.538476477122203756e-02
-4.897296427761246157e-02;-9.959544168387172158e-01;-7.534220828535866110e-02
-4.897712580170158342e-02;-9.959477078180931642e-01;-7.542814090305040298e-02
-5.350531604418521520e-02;-9.873907229539768959e-01;-1.489857086415837251e-01
-5.351053522076372471e-02;-9.873799113230965485e-01;-1.490554706677396923e-01
-4.701821154826642257e-02;-9.985893757077777266e-01;-2.466873540239288010e-02
-4.701704600306669257e-02;-9.985903911955065215e-01;-2.462981926751893827e-02
-4.701821154826643645e-02;-9.985893757077777266e-01;-2.466873540239287663e-02
-4.701701790850196239e-02;-9.985904156730792680e-01;-2.462888046295102704e-02
-4.701821154826643645e-02;-9.985893757077777266e-01;-2.466873540239288010e-02
-4.701710038772204114e-02;-9.985903444299986109e-01;-2.463161144358092317e-02
-4.701815858046894808e-02;-9.985894224736683311e-01;-2.466694321166377699e-02
-4.701707228900637442e-02;-9.985903689111630399e-01;-2.463067256973900179e-02
-4.701815858046894114e-02;-9.985894224736683311e-01;-2.466694321166377699e-02
-4.701710038772202727e-02;-9.985903444299986109e-01;-2.463161144358091623e-02
-4.701821154826642257e-02;-9.985893757077777266e-01;-2.466873540239287663e-02
-4.701701790850194851e-02;-9.985904156730792680e-01;-2.462888046295102357e-02
-4.701838345497576926e-02;-9.985892258981432512e-01;-2.467447137078743191e-02
-4.536581057327992300e-02;-9.988986934577276378e-01;1.197261205728168340e-02
-4.536351829907641492e-02;-9.988983409678771075e-01;1.201064607554985959e-02
-4.536579685731936123e-02;-9.988986913485764507e-01;1.197283999733802715e-02
-4.536579685731936123e-02;-9.988986913485764507e-01;1.197283999733802541e-02
-4.536351829907641492e-02;-9.988983409678771075e-01;1.201064607554985959e-02
-4.536571805913302419e-02;-9.988986791946764532e-01;1.197415250070532448e-02
-4.852129570506021755e-02;-9.977440006958138152e-01;-4.639604442852864746e-02
-4.852319959361771351e-02;-9.977420556997066425e-01;-4.643586318053808532e-02
-4.852133790157697052e-02;-9.977439575882024458e-01;-4.639692731714379487e-02
-4.852129566963754581e-02;-9.977440006974539477e-01;-4.639604443030310305e-02
-4.852129566963754581e-02;-9.977440006974539477e-01;-4.639604443030310998e-02
-4.852319955819498626e-02;-9.977420557013467750e-01;-4.643586318231125720e-02
-4.852133786615430572e-02;-9.977439575898425783e-01;-4.639692731891828514e-02
-4.852164049941314061e-02;-9.977436486085750067e-01;-4.640325489116190610e-02
-4.825468957327790770e-02;-9.980602268943389310e-01;-3.933533304558616689e-02
-4.825574399960364663e-02;-9.980586764809750155e-01;-3.937335992888262026e-02
-4.825472048886786380e-02;-9.980601824736813343e-01;-3.933642219550810559e-02
-4.825469030891738065e-02;-9.980602268596316939e-01;-3.933533302377362206e-02
-4.825574473524307101e-02;-9.980586764462676674e-01;-3.937335990706875011e-02
-4.825469030891737371e-02;-9.980602268596315829e-01;-3.933533302377362206e-02
-4.825574473524307795e-02;-9.980586764462677785e-01;-3.937335990706874317e-02
-4.825451329975821713e-02;-9.980604874469782839e-01;-3.932893773423815076e-02
-4.887761988340477703e-02;-9.974643690108494498e-01;-5.172824014328532283e-02
-4.887741296380043732e-02;-9.974645263893874292e-01;-5.172540088545829473e-02
-4.887761988340477703e-02;-9.974643690108495608e-01;-5.172824014328532977e-02
-4.887754829811372798e-02;-9.974644234713732072e-01;-5.172725762387483939e-02
-4.887902235411223373e-02;-9.974633019954654012e-01;-5.174748637382575039e-02
-5.247516787120614506e-02;-9.940501646249333412e-01;-9.544960432621950319e-02
-5.513217380353786778e-02;-9.887479185501563128e-01;-1.390611267552152863e-01
-5.513207658210018958e-02;-9.887483788387324557e-01;-1.390578925322966952e-01
-5.263160452279150303e-02;-9.954835124819628733e-01;-7.900943349961542239e-02
-5.262753396819288415e-02;-9.954897969379679079e-01;-7.893292634148407760e-02
-4.870910346678999220e-02;-9.986432597045213910e-01;-1.841366574556376270e-02
-4.870618200684243004e-02;-9.986441081305218459e-01;-1.837534028285894849e-02
-4.870910346679000608e-02;-9.986432597045213910e-01;-1.841366574556376270e-02
-4.870622907274786001e-02;-9.986440943321199804e-01;-1.837596541934008801e-02
-4.999763830827998884e-02;-9.981839446108632385e-01;-3.360132266282850333e-02
-5.000100819876338032e-02;-9.981825603782659151e-01;-3.363740976646395486e-02
-4.628120670458633901e-02;-9.988797589947857603e-01;9.862909128963273653e-03
-4.628122127206430597e-02;-9.988797601716656871e-01;9.862721579860487392e-03
-4.628134339200411229e-02;-9.988797700399436597e-01;9.861148958443735971e-03
-4.626967897207595604e-02;-9.988788170674037792e-01;1.001127473626746249e-02
-2.937046946149128590e-02;-9.888897684913341424e-01;1.457202844382597673e-01
-2.937046946149128590e-02;-9.888897684913341424e-01;1.457202844382597673e-01
-2.937093681310289431e-02;-9.888901543108701286e-01;1.457175719594048791e-01
-2.937046946149128937e-02;-9.888897684913341424e-01;1.457202844382597673e-01
-2.937046946149128937e-02;-9.888897684913341424e-01;1.457202844382597673e-01
-2.937046946149128590e-02;-9.888897684913341424e-01;1.457202844382597950e-01
-2.937394001984222278e-02;-9.888926324580848970e-01;1.457001479677693112e-01
-9.972337046664061025e-04;-9.163872475213097335e-01;4.002916662950357085e-01
-9.969069030682415917e-04;-9.163841791279900839e-01;4.002986915049142613e-01
-9.987225923073878801e-04;-9.164012261162992612e-01;4.002596598780936432e-01
-9.962949738089831031e-04;-9.163784315226611854e-01;4.003118504820867840e-01
-1.013061165923699689e-03;-9.193373766679086012e-01;3.934688825923114974e-01
-1.014684307745863370e-03;-9.193206193744762889e-01;3.935080294081492180e-01
-1.013061165923701858e-03;-9.193373766679086012e-01;3.934688825923114974e-01
3.372547188177502163e-04;-9.343707561130478734e-01;3.563020858484916564e-01
-1.476045011788669481e-02;-9.991566788088467321e-01;-3.831527507394943272e-02
-1.476045011788669481e-02;-9.991566788088467321e-01;-3.831527507394943272e-02
-1.476052536214144013e-02;-9.991566498430147769e-01;-3.831600142912691687e-02
-1.476045011788669134e-02;-9.991566788088467321e-01;-3.831527507394943272e-02
-1.476045011788669134e-02;-9.991566788088467321e-01;-3.831527507394943272e-02
-1.476045011788669134e-02;-9.991566788088467321e-01;-3.831527507394942578e-02
-1.475984082734146767e-02;-9.991569133392912416e-01;-3.830939343100731032e-02
-3.833206214522108437e-03;-9.987770392983271739e-01;4.929231482274590292e-02
-1.184851426070813139e-02;-9.996456473841403012e-01;-2.383678618767499230e-02
-1.184575165393733816e-02;-9.996465752002987593e-01;-2.379921969448930280e-02
-1.184848182819515233e-02;-9.996456585150073071e-01;-2.383633550830561651e-02
-1.184571838981838925e-02;-9.996465863690882081e-01;-2.379876712055521010e-02
-1.184851425178158960e-02;-9.996456473842303403e-01;-2.383678618833365986e-02
-1.184854758667936749e-02;-9.996456361800971635e-01;-2.383723948310707830e-02
-1.184609040429527617e-02;-9.996464613442356262e-01;-2.380383297036451490e-02
-1.529356997352695341e-02;-9.927504023930403543e-01;-1.192172188315145792e-01
-1.529351507775087056e-02;-9.927458872154591996e-01;-1.192548188265672854e-01
-1.529356649989691182e-02;-9.927500617581266340e-01;-1.192200557915872594e-01
-1.529353097937639558e-02;-9.927471706035067012e-01;-1.192441326393669371e-01
-1.370203051391439934e-02;-9.982125824831121763e-01;-5.817125176744619014e-02
-1.369994213859175233e-02;-9.982148868714935119e-01;-5.813218741395066030e-02
-1.370200339429137812e-02;-9.982126132216471159e-01;-5.817073068299028621e-02
-1.370197211068668874e-02;-9.982126477399430042e-01;-5.817014571316250771e-02
-1.370203123811278637e-02;-9.982125824754539689e-01;-5.817125172827837531e-02
-1.370000193254034514e-02;-9.982148216841432165e-01;-5.813329267418654994e-02
-1.370745990847934553e-02;-9.982065954657256546e-01;-5.827262059992341370e-02
-1.298971472158147109e-02;-9.988778726862258539e-01;-4.554407501851223672e-02
-1.298968546973372322e-02;-9.988778955962352990e-01;-4.554358089384248631e-02
-1.300735061933186616e-02;-9.988640122789992359e-01;-4.584205278742627815e-02
-8.657804531301313555e-03;-9.988512446354768093e-01;4.712996404472420686e-02
-8.659134414991567774e-03;-9.988530539558989618e-01;4.709135795618174525e-02
-8.657804531301310086e-03;-9.988512446354766983e-01;4.712996404472421380e-02
-8.659114172475515514e-03;-9.988530274045106516e-01;4.709192485545780210e-02
-8.656528663009057517e-03;-9.988495070695444511e-01;4.716700900454339623e-02
-9.869827803639426994e-03;-9.995879195280898966e-01;2.695510401818838539e-02
-9.873006483227022775e-03;-9.995888876935073997e-01;2.691801149117143549e-02
-9.869827803639426994e-03;-9.995879195280898966e-01;2.695510401818838539e-02
-9.870848093807114629e-03;-9.995882304891102743e-01;2.694319627583897231e-02
-4.643875289637605999e-03;-9.967373307339117972e-01;8.057994752871808219e-02
-2.185231375592520345e-03;-9.937020445650260880e-01;1.120333494595353030e-01
-2.187104123747434219e-03;-9.937065209830315826e-01;1.119936012964662525e-01
-2.185231375592520779e-03;-9.937020445650259770e-01;1.120333494595352891e-01
-2.186594210171289264e-03;-9.937053023376588579e-01;1.120044236259539194e-01
-4.261560567893696652e-03;-9.977876287950059320e-01;6.634521026544204503e-02
-1.964820951068913316e-02;-9.437562118539457590e-01;-3.300578137995134331e-01
-1.964832197741913158e-02;-9.437550364509700307e-01;-3.300611679929949527e-01
-2.103287342586305717e-02;-9.346305225539546235e-01;-3.549977528745408284e-01
-2.103600730967365717e-02;-9.346151516000094084e-01;-3.550380328868427693e-01
-2.103287342586304676e-02;-9.346305225539546235e-01;-3.549977528745407174e-01
-2.103293159420047131e-02;-9.346302372674124559e-01;-3.549985005236135360e-01
-2.103594913234377653e-02;-9.346154369612831303e-01;-3.550372851374501981e-01
-2.100944665819104093e-02;-9.347453028584277179e-01;-3.546968028263335349e-01
7.833692212678636593e-03;-9.983305869502858698e-01;-5.722475361078198375e-02
7.833816620881180193e-03;-9.983306480302167607e-01;-5.722367098254093482e-02
7.833692212678636593e-03;-9.983305869502858698e-01;-5.722475361078198375e-02
7.838331310001826757e-03;-9.983328636221219243e-01;-5.718438575632633913e-02
7.644666347376239367e-03;-9.981913109690635499e-01;-5.962940367218082932e-02
7.646325166818191028e-03;-9.981935660629187579e-01;-5.959142876317846671e-02
7.644666347376238499e-03;-9.981913109690634389e-01;-5.962940367218082238e-02
7.644666347376237632e-03;-9.981913109690633279e-01;-5.962940367218080850e-02
7.644616799774873843e-03;-9.981912435888929958e-01;-5.963053795199072665e-02
7.646325183117623318e-03;-9.981935660627517803e-01;-5.959142876388055093e-02
7.644666363675672524e-03;-9.981913109688966834e-01;-5.962940367288290661e-02
7.644666363675672524e-03;-9.981913109688966834e-01;-5.962940367288290661e-02
7.644666363675672524e-03;-9.981913109688966834e-01;-5.962940367288290661e-02
7.646337159538361267e-03;-9.981935833390914725e-01;-5.959113783698828659e-02
7.643916385882959866e-03;-9.981902916174785201e-01;-5.964656119927558287e-02
8.538545690735194552e-03;-9.999215772068004160e-01;-9.161477705695282928e-03
8.538548355925901570e-03;-9.999215741999185614e-01;-9.161803399454921878e-03
8.538234999665030023e-03;-9.999219269996100223e-01;-9.123510753928658693e-03
8.538548355925905040e-03;-9.999215741999185614e-01;-9.161803399454923613e-03
8.538661816950928254e-03;-9.999214482016027805e-01;-9.175438996865334373e-03
7.522405090331200223e-03;-9.983851247438594312e-01;-5.630769140930227956e-02
7.524367900096258499e-03;-9.983872510000327827e-01;-5.626971590741924184e-02
7.522475944541522942e-03;-9.983852007394362627e-01;-5.630633445838272022e-02
7.522405833556262446e-03;-9.983851247361175130e-01;-5.630769144728314107e-02
7.522405833556262446e-03;-9.983851247361175130e-01;-5.630769144728314801e-02
7.524368643321305977e-03;-9.983872509922908645e-01;-5.626971594540040172e-02
7.522461200550501804e-03;-9.983851847136194779e-01;-5.630662058620004157e-02
7.522405852279597828e-03;-9.983851247359224468e-01;-5.630769144823995903e-02
7.524382724903596817e-03;-9.983872670188439491e-01;-5.626942970435137858e-02
7.522021633703214298e-03;-9.983847084760264501e-01;-5.631512294030631416e-02
8.265479277095214017e-03;-9.999541133117918479e-01;4.842842465753969226e-03
8.265468149817347537e-03;-9.999541114300299904e-01;4.843249987723357956e-03
8.266520418036014950e-03;-9.999542886464161118e-01;4.804712043216458235e-03
8.264179154746710207e-03;-9.999538919379084012e-01;4.890535873301115125e-03
1.036055171182139086e-02;-9.976289669543660921e-01;-6.803751363616278303e-02
1.036165946134057908e-02;-9.976264548869513415e-01;-6.807416927808113138e-02
1.036055171182139086e-02;-9.976289669543660921e-01;-6.803751363616278303e-02
1.036165946134057908e-02;-9.976264548869513415e-01;-6.807416927808113138e-02
1.036045365583382338e-02;-9.976291900880779329e-01;-6.803425669654375452e-02
1.098617712079875790e-02;-9.989850202417269731e-01;-4.368332914175469817e-02
1.098318040121706342e-02;-9.989834477196382068e-01;-4.372002893936824397e-02
1.098617712079875443e-02;-9.989850202417269731e-01;-4.368332914175470510e-02
1.098311256785657747e-02;-9.989834121242193721e-01;-4.372085931193532560e-02
1.098617712079875616e-02;-9.989850202417269731e-01;-4.368332914175469817e-02
1.098318040121706168e-02;-9.989834477196382068e-01;-4.372002893936824397e-02
1.098533596376954739e-02;-9.989845789480343852e-01;-4.369363131832379454e-02
1.235914634562495888e-02;-9.999213426032699248e-01;2.135440957189183551e-03
1.235914546931440872e-02;-9.999213425271358258e-01;2.135481678438758135e-03
1.235906429567096981e-02;-9.999213354577028978e-01;2.139258333978920259e-03
1.394661597091103634e-02;-9.976989912012912409e-01;-6.634918883366963671e-02
1.394757359105636141e-02;-9.976964171831164130e-01;-6.638768207201636851e-02
1.394661597091103981e-02;-9.976989912012912409e-01;-6.634918883366965059e-02
1.394714964807399447e-02;-9.976975577732402067e-01;-6.637062776564910116e-02
1.454603374805581509e-02;-9.989383267137526001e-01;-4.371078041545863740e-02
1.454888065687189556e-02;-9.989398849848662998e-01;-4.367420586632678875e-02
1.454603374805581856e-02;-9.989383267137526001e-01;-4.371078041545863740e-02
1.454888065687189903e-02;-9.989398849848662998e-01;-4.367420586632678875e-02
1.454603374805582203e-02;-9.989383267137526001e-01;-4.371078041545864434e-02
1.454599072637968206e-02;-9.989383031550193026e-01;-4.371133312493360318e-02
1.455098552337002159e-02;-9.989410363222038791e-01;-4.364716224246497495e-02
2.874903739625880167e-02;-9.475932635565000872e-01;-3.181831229200095534e-01
2.874123921707483209e-02;-9.476072639192364422e-01;-3.181421294575198511e-01
-3.731529913516092988e-03;-9.999929389472965724e-01;4.446797196253819240e-04
-3.324314063174990501e-03;-9.990419776089141113e-01;-4.363571829682032915e-02
-3.324268421147205665e-03;-9.990436344869920715e-01;-4.359777093482412880e-02
-3.324314063174990935e-03;-9.990419776089141113e-01;-4.363571829682032915e-02
-3.324315215679950891e-03;-9.990419357528546040e-01;-4.363667649507731866e-02
-3.324314063174990935e-03;-9.990419776089141113e-01;-4.363571829682032915e-02
-3.324268421147206099e-03;-9.990436344869920715e-01;-4.359777093482412880e-02
-3.324314063174991368e-03;-9.990419776089141113e-01;-4.363571829682032915e-02
-3.324314215555594296e-03;-9.990419720748375809e-01;-4.363584498798878109e-02
-3.324314063174991368e-03;-9.990419776089141113e-01;-4.363571829682033609e-02
-3.324269419972001108e-03;-9.990435982283045746e-01;-4.359860171915434790e-02
-3.324314063174990935e-03;-9.990419776089141113e-01;-4.363571829682033609e-02
-3.324312056558354628e-03;-9.990420500901138201e-01;-4.363405895734641382e-02
-3.431888217447583937e-03;-9.996603261083385483e-01;-2.583514173046887533e-02
-3.431382794176829950e-03;-9.996593449925739172e-01;-2.587314401340051057e-02
-3.431888217447583937e-03;-9.996603261083385483e-01;-2.583514173046887186e-02
-3.431646583484901456e-03;-9.996598570028002451e-01;-2.585331891396372428e-02
-2.691370320314483058e-03;-9.979715188350788413e-01;-6.360506363336855540e-02
-2.690370007714676642e-03;-9.979690615775025364e-01;-6.364364888455598113e-02
-2.691063716343446849e-03;-9.979707655771132835e-01;-6.361689421454952420e-02
-2.298453411604176305e-03;-9.944408147840986256e-01;-1.052719478467682157e-01
-2.298452787817992574e-03;-9.944408240154654077e-01;-1.052718606571797638e-01
-2.298453411604176738e-03;-9.944408147840987366e-01;-1.052719478467682296e-01
-2.298452787817993007e-03;-9.944408240154652967e-01;-1.052718606571797777e-01
-2.298446269160268722e-03;-9.944409204846079708e-01;-1.052709495087493091e-01
-2.298452787817993007e-03;-9.944408240154652967e-01;-1.052718606571797777e-01
-2.298723295200279931e-03;-9.944368200710963501e-01;-1.053096707719575476e-01
-2.298112273789023295e-03;-9.944458449742162864e-01;-1.052244272661723851e-01
7.258014589098160034e-05;-9.735349713429575225e-01;-2.285380806438814250e-01
7.258002131444913382e-05;-9.735349719750817643e-01;-2.285380779511747840e-01
7.258014589097785984e-05;-9.735349713429575225e-01;-2.285380806438814250e-01
7.258014589097785984e-05;-9.735349713429575225e-01;-2.285380806438814250e-01
7.425039500309425485e-05;-9.735264918891348707e-01;-2.285741981871818040e-01
7.257931441418054741e-05;-9.735349719678523250e-01;-2.285380779821958031e-01
6.893711153284754042e-05;-9.735534821851008491e-01;-2.284592142438984508e-01
1.077246045183047183e-04;-9.765952953978230822e-01;-2.150851398917376089e-01
1.077248118341769107e-04;-9.765952962805419801e-01;-2.150851358836438354e-01
1.077246045183075373e-04;-9.765952953978230822e-01;-2.150851398917375812e-01
1.058444660334555447e-04;-9.765872923744870482e-01;-2.151214753798821877e-01
1.077246045183075101e-04;-9.765952953978230822e-01;-2.150851398917375812e-01
1.094127393937022321e-04;-9.766024825734636039e-01;-2.150525030317019248e-01
6.406760914579239874e-04;-9.774211402316601571e-01;-2.112995602512869331e-01
1.309654454956095740e-02;-9.878255979640927498e-01;-1.550131237274574025e-01
1.310314710835243715e-02;-9.878304615037072356e-01;-1.549815694243343311e-01
1.480755500760746503e-02;-9.891205215842562293e-01;-1.463602749914935663e-01
1.481464636250661923e-02;-9.891260494379451318e-01;-1.463221944082224446e-01
1.480755500760746156e-02;-9.891205215842562293e-01;-1.463602749914935941e-01
1.480740721248684742e-02;-9.891204063615308684e-01;-1.463610686311206388e-01
2.706284552230168658e-02;-9.963203262495571311e-01;-8.132287436024485117e-02
2.707013455851172215e-02;-9.963232488634198303e-01;-8.128463316780132342e-02
2.706284552230168311e-02;-9.963203262495570200e-01;-8.132287436024485117e-02
2.707163103672683216e-02;-9.963238489777280771e-01;-8.127677867150528979e-02
-1.339050801789438624e-02;-9.285292957078664644e-01;-3.710175754695136385e-01
-1.339307761182754845e-02;-9.285172818213829338e-01;-3.710475479384199859e-01
-1.339050801789439839e-02;-9.285292957078664644e-01;-3.710175754695136940e-01
-1.339211118417161714e-02;-9.285218021423148338e-01;-3.710362708744507909e-01
-7.396925088149110131e-04;-9.972036680364687600e-01;-7.472815606988285342e-02
-7.397969891786635973e-04;-9.972008245743478883e-01;-7.476608969750588030e-02
-7.396925088149109047e-04;-9.972036680364687600e-01;-7.472815606988285342e-02
-7.397982858921983229e-04;-9.972007691527201567e-01;-7.476682887296781654e-02
-7.396479166448149175e-04;-9.972048483994980783e-01;-7.471240358530548131e-02
-4.549618574531339235e-04;-9.999788845258673620e-01;-6.482554443323735975e-03
-4.546967700941837733e-04;-9.999791938420317106e-01;-6.434682112419181331e-03
-1.382530195226249316e-03;-9.986092786369127339e-01;-5.270291481999957173e-02
-1.381200290059933283e-03;-9.986113098851009395e-01;-5.266444773584750411e-02
-1.382530195226249750e-03;-9.986092786369128449e-01;-5.270291481999957867e-02
-1.381215069668416742e-03;-9.986112862015066316e-01;-5.266489642925324677e-02
-1.382513940917340714e-03;-9.986093023533894053e-01;-5.270246586716847287e-02
-1.381215069668417176e-03;-9.986112862015066316e-01;-5.266489642925324677e-02
-1.382530195226250400e-03;-9.986092786369127339e-01;-5.270291481999957173e-02
-1.381197736822459407e-03;-9.986113126604345691e-01;-5.266439517753408739e-02
-1.382531279652350533e-03;-9.986092758562036265e-01;-5.270296748010847021e-02
-1.381215060091504996e-03;-9.986112862015024128e-01;-5.266489642958429446e-02
-1.382512827804278270e-03;-9.986093051339981486e-01;-5.270241320921251887e-02
-1.381873913389435092e-03;-9.986102811609666174e-01;-5.268393288378291767e-02
-1.167419209929718626e-03;-9.999891075823643671e-01;-4.519053995589608456e-03
-6.873689056345411511e-04;-9.979516557731967774e-01;-6.396890075280696475e-02
-6.873686570711645639e-04;-9.979516574506245297e-01;-6.396887458663530479e-02
-6.870080292143810425e-04;-9.979540904188474171e-01;-6.393091142991047526e-02
-6.873624065462941978e-04;-9.979516947995089593e-01;-6.396829198681000528e-02
-6.873679409433933315e-04;-9.979516574506805959e-01;-6.396887459345540483e-02
-6.873681895065109028e-04;-9.979516557732546200e-01;-6.396890075959978106e-02
-6.870080391295438089e-04;-9.979540904188465289e-01;-6.393091142981642550e-02
-6.873686669863239692e-04;-9.979516574506237525e-01;-6.396887458654090808e-02
-6.873689155497041342e-04;-9.979516557731960003e-01;-6.396890075271290110e-02
-6.873631441978224907e-04;-9.979516947994494513e-01;-6.396829197981308834e-02
-6.870078040227976714e-04;-9.979540920944010018e-01;-6.393088527712739721e-02
-6.877032882016730422e-04;-9.979493896167613842e-01;-6.400424070107307850e-02
-1.398840421306363647e-03;-9.998937820134007337e-01;-1.450751310230607473e-02
7.909128869793554480e-06;-9.993002815078998458e-01;-3.740250413645820893e-02
7.909154345669972884e-06;-9.993002814966552849e-01;-3.740250443688019483e-02
4.690313894394377283e-06;-9.993017015091706368e-01;-3.736454654987025198e-02
7.909154345670559030e-06;-9.993002814966552849e-01;-3.740250443688020177e-02
7.909128869792968333e-06;-9.993002815078998458e-01;-3.740250413645820893e-02
7.909154345669386737e-06;-9.993002814966552849e-01;-3.740250443688019483e-02
4.690313894393791136e-06;-9.993017015091706368e-01;-3.736454654987025198e-02
7.909154345669972884e-06;-9.993002814966552849e-01;-3.740250443688020177e-02
7.909128869792382186e-06;-9.993002815078998458e-01;-3.740250413645820893e-02
7.909154345668216137e-06;-9.993002814966552849e-01;-3.740250443688018789e-02
0.000000000000000000e+00;-9.993037660163406333e-01;-3.730929141056615883e-02
