6.358553999043283511e+01
6.358553999043283511e+01
6.348554311087490021e+01
6.338553879940707247e+01
6.328554191984913757e+01
6.318553817653796045e+01
6.308554072878437324e+01
6.298553698547319613e+01
6.288554010591526122e+01
6.278554324643959461e+01
6.268553891489099072e+01
6.258554262361431597e+01
6.248553772391240813e+01
6.238554143263573337e+01
6.229953424775339244e+01
6.219953116936930115e+01
6.209953635663297433e+01
6.199953327824888305e+01
6.189953154537526814e+01
6.183353420519507893e+01
6.173353145254611007e+01
6.163353493679806405e+01
6.153353218414909520e+01
6.143353566840104918e+01
6.133353291575208033e+01
6.123353739110167027e+01
6.113353364742670948e+01
6.103353812277629942e+01
6.093353366572294760e+01
6.083353091307397875e+01
6.073353538842356869e+01
6.063353164474860790e+01
6.053353612009819784e+01
6.043353237642323705e+01
6.033353685177282699e+01
6.023353409912385814e+01
6.013353758337581212e+01
6.003353483072684327e+01
5.993353108705188248e+01
5.983353556240147242e+01
5.973353280975250357e+01
5.972956174471146085e+01
5.962956236152248124e+01
5.952956297833350163e+01
5.942956409580750687e+01
5.932956484278629716e+01
5.922956545959731756e+01
5.912955851750951553e+01
5.902955963498352077e+01
5.896261090884491551e+01
5.886261153067638219e+01
5.884309337983696508e+01
5.874309588726234921e+01
5.864309137767893532e+01
5.854309388510431944e+01
5.848984094013119517e+01
5.838984211785082579e+01
5.828984325999061156e+01
5.818984473348183428e+01
5.808983830511505886e+01
5.798983948283468948e+01
5.788984062497447525e+01
5.778984209846569797e+01
5.768984327618532859e+01
5.758984445390495921e+01
5.748984179300333608e+01
5.738983916768020777e+01
5.728984064117143049e+01
5.718984181889106111e+01
5.708983915798943798e+01
5.698984033570906860e+01
5.688984151342869922e+01
5.678983918386591512e+01
5.668984032600570089e+01
5.658984150372533151e+01
5.658034063507346900e+01
5.648034225379505102e+01
5.638034006538266141e+01
5.628034168410424343e+01
5.618033949569185381e+01
5.608034111441343583e+01
5.598033892600104622e+01
5.592184665311317104e+01
5.582184475369590615e+01
5.572184683728703192e+01
5.562184493786976702e+01
5.552184702146089279e+01
5.542184512204362790e+01
5.532184696559619397e+01
5.522184530620850040e+01
5.512184714976106648e+01
5.502184549037337291e+01
5.499629483375495909e+01
5.489629402782657763e+01
5.479629419243507016e+01
5.469629255523868494e+01
5.459629631416798645e+01
5.449629550823960500e+01
5.439629567284809752e+01
5.429629403565171231e+01
5.419629420026020483e+01
5.409629339433182338e+01
5.399629715326112489e+01
5.389629551606473967e+01
5.383134025388521593e+01
5.373134087353388111e+01
5.363134149318254629e+01
5.353134211283121147e+01
5.343133893280517555e+01
5.333133946375940582e+01
5.323134008340807100e+01
5.313134070305673617e+01
5.303134099623169107e+01
5.293134161588035624e+01
5.292659665074481268e+01
5.282659725096655023e+01
5.272659775783723290e+01
5.262659805035735161e+01
5.252659484944997814e+01
5.242659544967171570e+01
5.232659595654239837e+01
5.222659624906251707e+01
5.212659684928425463e+01
5.202659735615493730e+01
5.192659795637667486e+01
5.182659824889679356e+01
5.172659504798942010e+01
5.162659555486010277e+01
5.152659615508184032e+01
5.142659675530357788e+01
5.132659695447293302e+01
5.123300058606283613e+01
5.113299906775372250e+01
5.104858173678845645e+01
5.094858076773454769e+01
5.084858353571884493e+01
5.074858182023446318e+01
5.064858102252784278e+01
5.054858005347393402e+01
5.044858282145823125e+01
5.034858185240432249e+01
5.024858088335041373e+01
5.014858290487634207e+01
5.004858210716972167e+01
4.994858113811581291e+01
4.984858016906190414e+01
4.974858293704620138e+01
4.966859284334017843e+01
4.956859220272035316e+01
4.946859155649807605e+01
4.936859465452948825e+01
4.934997377141254304e+01
4.924997571479313763e+01
4.919610622183913762e+01
4.909610588578941304e+01
4.899610472363364977e+01
4.889610438758392519e+01
4.879610819802896060e+01
4.869610627125462088e+01
4.859610669983563724e+01
4.849610636378591266e+01
4.839610520163014939e+01
4.829610486558042481e+01
4.819610529416144118e+01
4.812118567026722360e+01
4.802118596868088218e+01
4.792118426039957768e+01
4.782118455881323626e+01
4.780892788782082903e+01
4.770892651051772759e+01
4.767544797055607120e+01
4.757544851671713815e+01
4.747544773356231929e+01
4.743616427357718379e+01
4.733616518171977106e+01
4.723616560753590932e+01
4.713616273170844551e+01
4.703616315752458377e+01
4.693616406566717103e+01
4.683616497380975829e+01
4.673616539962589655e+01
4.663616252379843274e+01
4.655170771706323052e+01
4.645170592823848210e+01
4.635170843806498908e+01
4.625170664924024067e+01
4.615170863336700080e+01
4.605170737022216798e+01
4.595170935434892812e+01
4.585170756552417970e+01
4.575170630237934688e+01
4.565170828650610702e+01
4.555170649768135860e+01
4.545170900750786558e+01
4.538658507105747475e+01
4.528658605108719826e+01
4.518658329239935512e+01
4.508658450475295609e+01
4.507120249117258481e+01
4.497120334030663713e+01
4.487120372537724933e+01
4.477120079607305314e+01
4.467120170276043467e+01
4.457120255189448699e+01
4.447120293696509918e+01
4.437120378609915150e+01
4.427120091434611027e+01
4.417120124186369168e+01
4.412431947318947323e+01
4.402432066306009517e+01
4.392431852856138619e+01
4.382431971843200813e+01
4.372432090830263007e+01
4.362431877380392109e+01
4.352431996367454303e+01
4.342432115354516498e+01
4.332431901904645599e+01
4.322561569577553797e+01
4.312561573174497198e+01
4.302561576771440599e+01
4.292561580492075279e+01
4.289414979523485982e+01
4.279415098255886818e+01
4.269599539534412713e+01
4.259599655261807527e+01
4.249599376322654365e+01
4.239599492050049179e+01
4.229599601963888489e+01
4.222989735859923144e+01
4.213080869464064193e+01
4.203080960074593975e+01
4.193081037573738001e+01
4.183080747037038805e+01
4.173080822142375013e+01
4.163080915146716876e+01
4.153080990252053084e+01
4.143080699715353887e+01
4.133080777214497914e+01
4.126743189457210548e+01
4.120370772293941286e+01
4.110370667326871086e+01
4.100370894203698668e+01
4.090370789236628468e+01
4.080370540069907292e+01
4.070370766946734875e+01
4.064741302423430369e+01
4.054741194902526047e+01
4.044741438194299832e+01
4.034741198115028027e+01
4.024741160435534226e+01
4.021460848312948855e+01
4.011460744248088162e+01
4.010539058364610554e+01
4.000538980682132006e+01
3.990539127696555255e+01
3.980539078994033275e+01
3.970539001311554728e+01
3.960539280351041924e+01
3.950539070648209616e+01
3.949925979961276568e+01
3.939925851602275486e+01
3.930971637469755819e+01
3.920971542339681548e+01
3.910971803356135013e+01
3.900971708226060741e+01
3.898353467365892300e+01
3.888353474215190175e+01
3.878353591419621438e+01
3.868353598268919313e+01
3.858353605118217189e+01
3.854565795787284088e+01
3.844565628509761268e+01
3.834565907658390671e+01
3.824565740380867851e+01
3.816064349206792627e+01
3.806064233682424458e+01
3.796064240277063817e+01
3.786064495676333053e+01
3.777208800382006615e+01
3.767208947978515710e+01
3.757208767066085642e+01
3.747208914662594736e+01
3.737208688632869524e+01
3.727208818999671536e+01
3.717208966596180630e+01
3.707208740566455418e+01
3.699149774892040199e+01
3.689149588326294804e+01
3.679149778604291754e+01
3.669149633852781989e+01
3.659149782184173461e+01
3.649149595618428066e+01
3.639149785896425016e+01
3.637917961081441831e+01
3.627918118085906940e+01
3.617917929759412488e+01
3.607918000011649440e+01
3.597917811685154987e+01
3.587917968689620096e+01
3.577918125694085205e+01
3.567917850618358244e+01
3.557918007622823353e+01
3.547917819296328901e+01
3.537917976300794010e+01
3.527918046553030962e+01
3.527404117772826453e+01
3.517404224157787951e+01
3.507404212606193283e+01
3.497404069149785499e+01
3.487404057598190832e+01
3.479220972449162019e+01
3.469643935676409541e+01
3.466723809387558219e+01
3.456723737896873416e+01
3.446723788343834372e+01
3.436723614227027923e+01
3.426723889315560712e+01
3.416723817824875908e+01
3.406723868271836864e+01
3.401250142430091472e+01
3.391250210179381952e+01
3.381249923498828736e+01
3.371250190074260189e+01
3.361250257823550669e+01
3.351250325572841149e+01
3.341250038892287932e+01
3.331250106641578412e+01
3.321250281894448619e+01
3.311250086532238157e+01
3.301250154281528637e+01
3.299808603907030147e+01
3.289808473656304244e+01
3.279808688571193187e+01
3.269808558320467284e+01
3.259808428069741382e+01
3.256603502744000878e+01
3.246603686699072711e+01
3.236603407978191882e+01
3.235052198682835467e+01
3.225052320238341252e+01
3.215052355842284726e+01
3.209845782476674714e+01
3.199845832799943324e+01
3.189845883123212289e+01
3.179845933446481254e+01
3.169845918002254592e+01
3.164810913156362915e+01
3.154810819168603331e+01
3.148723983939451188e+01
3.138724068620023644e+01
3.129396833736481298e+01
3.125804078499132999e+01
3.115804042536758445e+01
3.105804036980547878e+01
3.095804015140766197e+01
3.085803979178391643e+01
3.075803943216017089e+01
3.065803937659806522e+01
3.055803901697431968e+01
3.045804245727796911e+01
3.035804254294222204e+01
3.025804218331847650e+01
3.021047568906603331e+01
3.011047509894104479e+01
3.001047450881605627e+01
2.991047391869106775e+01
2.987889820201816704e+01
2.977889734595885329e+01
2.967889848271436648e+01
2.964580712044854494e+01
2.954580837376629177e+01
2.944580810036237040e+01
2.934580614783164165e+01
2.924580740114938848e+01
2.914580712774546711e+01
2.904580838106321394e+01
2.894580642853248520e+01
2.884580615512856383e+01
2.879534370085910311e+01
2.869534354357921657e+01
2.859534173489146269e+01
2.849534472487161807e+01
2.839534456759173153e+01
2.829534275890397765e+01
2.819534260162409112e+01
2.809534559160424649e+01
2.806478794112142694e+01
2.796478610362140671e+01
2.786478897005218514e+01
2.776478713255216491e+01
2.766478999898294333e+01
2.756478669490584821e+01
2.746478639152507029e+01
2.736478772378797686e+01
2.726478742040719894e+01
2.716478875267010551e+01
2.706478691517008528e+01
2.703304626976697733e+01
2.693304499898248849e+01
2.683304683300337601e+01
2.673304556221888717e+01
2.663304739623977468e+01
2.662797149033560373e+01
2.652797311160381355e+01
2.642797141467281108e+01
2.632797303594102445e+01
2.622797104252022038e+01
2.612797296028895033e+01
2.602797078286301513e+01
2.592797258814334782e+01
2.582797070720666710e+01
2.580992395177694831e+01
2.570992272777628429e+01
2.569154426814152359e+01
2.559154329457656729e+01
2.549154611800521053e+01
2.539154514444025423e+01
2.529154415617800922e+01
2.519154318261305292e+01
2.509154612020476094e+01
2.499154503248120562e+01
2.489154415837767331e+01
2.479154307065411800e+01
2.469154600824582602e+01
2.459154503468086972e+01
2.449154404641862470e+01
2.444053185194352196e+01
2.434053110385855234e+01
2.424053032048545830e+01
2.414053147621324769e+01
2.404053263194103707e+01
2.394053184856794303e+01
2.385995904209445584e+01
2.375995856734735057e+01
2.365995808867124950e+01
2.355995951683260259e+01
2.345995904208549732e+01
2.335995856733839204e+01
2.325995808866229098e+01
2.315995951682364407e+01
2.306553195723816785e+01
2.296553238623755178e+01
2.286553265989469708e+01
2.276553128943090343e+01
2.266553171843028736e+01
2.256553199208743266e+01
2.246553242108681658e+01
2.236553269474396188e+01
2.227995114832411261e+01
2.217995204540714482e+01
2.207995076623722142e+01
2.197995166332025363e+01
2.187995066099735908e+01
2.179995308309666768e+01
2.171216171672177353e+01
2.161216128606677245e+01
2.155007908979160192e+01
2.145007998125390714e+01
2.143122010090143092e+01
2.133122083129091706e+01
2.123121974449503568e+01
2.113122047488452182e+01
2.106703900496810533e+01
2.096703827354495431e+01
2.087612064282946633e+01
2.077612127921293705e+01
2.067612001401267463e+01
2.057612094572958128e+01
2.056539393816784056e+01
2.046539441184180674e+01
2.036539488551577293e+01
2.026539349773544174e+01
2.016539397140940792e+01
2.006539444508337411e+01
1.996539491875734029e+01
1.994972842336609631e+01
1.984972726068283322e+01
1.974972768184234084e+01
1.964972804455748800e+01
1.960182370642514371e+01
1.950182364664298262e+01
1.940182398425599075e+01
1.930182392447382966e+01
1.923676409530341402e+01
1.913676363510815648e+01
1.903676317491289893e+01
1.893676461042307224e+01
1.883676415022781470e+01
1.873676369003255715e+01
1.863676322983729960e+01
1.856418234045551330e+01
1.852463085126871789e+01
1.842463033259323879e+01
1.832463180948602499e+01
1.822463101105181593e+01
1.812463058630850554e+01
1.802463006763302644e+01
1.792463145059185692e+01
1.785348390730730017e+01
1.775348368481676786e+01
1.765348300750817145e+01
1.755348467316045458e+01
1.747411049861193177e+01
1.737411123363987642e+01
1.727411029165227419e+01
1.717411082331591388e+01
1.707410965701290451e+01
1.697411039204084915e+01
1.687411135138846419e+01
1.686440079073368636e+01
1.676440129089226616e+01
1.666440156585908738e+01
1.665858105375645692e+01
1.655858167493308031e+01
1.645858043927283632e+01
1.635858106044945970e+01
1.625858186010659168e+01
1.622551932713895440e+01
1.612551884506135735e+01
1.602552003629623556e+01
1.592551955421863852e+01
1.586728100020999577e+01
1.581619844535230435e+01
1.571619906303644676e+01
1.561619821387104246e+01
1.551619883155518487e+01
1.542818614434428781e+01
1.535546698419837242e+01
1.525546691968684243e+01
1.524580744540287291e+01
1.514580723942872886e+01
1.504580773087430678e+01
1.494580752490016273e+01
1.484580759548497930e+01
1.474580781037043131e+01
1.474123359027286284e+01
1.464123435646032867e+01
1.454123323073850571e+01
1.444123399692597154e+01
1.439873570477381115e+01
1.429873542844132572e+01
1.419873537802695651e+01
1.409873510169447108e+01
1.399873482536198566e+01
1.389873645121412515e+01
1.379873640079975594e+01
1.369873612446727051e+01
1.359873584813478509e+01
1.349873557180229966e+01
1.339873568749809607e+01
1.333931908748930972e+01
1.323931871074893785e+01
1.313931836522231045e+01
1.303931993082855989e+01
1.293931958530193249e+01
1.293436962606028651e+01
1.283436999626969843e+01
1.273437057944740580e+01
1.263436924434429010e+01
1.253436961455370202e+01
1.243436998476311395e+01
1.233437056794082132e+01
1.223436903631690598e+01
1.213436940652631790e+01
1.203437018622897980e+01
1.194934067178022552e+01
1.184934016836598936e+01
1.174934146745009400e+01
1.164934098157082865e+01
1.161743981412517890e+01
1.151744062214972963e+01
1.141743926745636095e+01
1.131744007548091169e+01
1.121743872078754301e+01
1.113295723952740701e+01
1.103295772753507897e+01
1.093295646366266283e+01
1.083295695167033479e+01
1.073295758708973580e+01
1.063295807509740776e+01
1.053295681122499161e+01
1.049656145547040431e+01
1.039656064042895700e+01
1.029656173229131078e+01
1.027416616892005763e+01
1.017416599126752352e+01
1.007416565383537232e+01
9.974165476182838219e+00
9.892726879658480854e+00
9.792726183377954641e+00
9.692727253102967566e+00
9.592726556822441353e+00
9.492727626547454278e+00
9.392726930266928065e+00
9.292725938221222393e+00
9.256552771093085497e+00
9.156551868613568956e+00
9.111504347446995666e+00
9.023142637904479457e+00
8.923142281172918189e+00
8.823142095425897224e+00
8.723141738694335956e+00
8.623143292076784761e+00
8.523142935345223492e+00
8.423142749598202528e+00
8.323142392866641259e+00
8.223142040718915524e+00
8.123141683987354256e+00
8.023143403773676852e+00
7.923143047042115583e+00
7.884854669246770698e+00
7.784855133220930590e+00
7.684854494765692046e+00
7.584854958739851938e+00
7.493647157470490150e+00
7.393646904689308741e+00
7.293647360973655402e+00
7.237321348604721649e+00
7.137321490293910387e+00
7.037321604843742584e+00
6.937321746532931321e+00
6.837321861082763519e+00
6.737321054422242383e+00
6.637321168972074581e+00
6.537320908955880583e+00
6.502160194465995247e+00
6.402160356268689512e+00
6.302160346431413096e+00
6.202160508234107361e+00
6.102160670036801626e+00
6.002159960836993768e+00
5.902159950999717353e+00
5.891095234332736297e+00
5.791095297582473655e+00
5.691095553281597219e+00
5.591095616531334578e+00
5.491094860292805357e+00
5.391094923542542716e+00
5.356300159668807126e+00
5.279436124296204014e+00
5.179436149988341676e+00
5.103429198948662204e+00
5.003429398149846108e+00
4.903429208128207151e+00
4.803429407329391054e+00
4.753294697385427980e+00
4.653294334396565368e+00
4.553294969233886214e+00
4.453294606245023601e+00
4.422150247950715318e+00
4.322150951923738660e+00
4.222149661276139554e+00
4.122150365249162896e+00
4.035321392778815408e+00
3.935321394332959688e+00
3.835321110742727413e+00
3.735321112296872137e+00
3.635321790112646667e+00
3.606729761482656116e+00
3.506729562129619726e+00
3.464061587360188987e+00
3.364061768771622773e+00
3.264061331058974336e+00
3.164061512470408122e+00
3.064061894917117446e+00
2.964061256170841929e+00
2.864061638617551253e+00
2.764061820028985039e+00
2.664061250694925942e+00
2.564061563728758486e+00
2.464061946175467810e+00
2.364061175808046311e+00
2.305212313626190390e+00
2.233809502590952789e+00
2.133809611301822340e+00
2.033809683851149686e+00
1.933810036525440923e+00
1.833809193558190609e+00
1.733809266107517955e+00
1.633809374818387283e+00
1.533809727492678299e+00
1.433809800042005644e+00
1.333809908752874973e+00
1.233809065785624659e+00
1.133809382298285318e+00
1.102639991402139641e+00
1.010466104665178833e+00
9.104659544975298724e-01
8.104661264365596862e-01
7.104661183682505765e-01
6.104662903072803903e-01
5.104661401396315412e-01
4.104663120786613550e-01
3.104663040103523008e-01
2.104664759493820869e-01
1.104663257817332378e-01
1.046649772076302214e-02
0.000000000000000000e+00
