1.057838061810805108e+01
1.057838061810805108e+01
1.055051939779724357e+01
1.052265817748643606e+01
1.049479695717562855e+01
1.046693573686482104e+01
1.043907451655401353e+01
1.041121329624320602e+01
1.038335207593239851e+01
1.035549085562159100e+01
1.032762963531078348e+01
1.029976841499997597e+01
1.027190719468916846e+01
1.024404597437836095e+01
1.022008372505630902e+01
1.017888360680827375e+01
1.013768348856023671e+01
1.009648337031220144e+01
1.005528325206416440e+01
1.002809115654940264e+01
9.990481051553024017e+00
9.952870946556643617e+00
9.915260841560264993e+00
9.877650736563886369e+00
9.840040631567505969e+00
9.802430526571127345e+00
9.764820421574748721e+00
9.727210316578368321e+00
9.689600211581989697e+00
9.651990106585611073e+00
9.614380001589230673e+00
9.576769896592852049e+00
9.539159791596473426e+00
9.501549686600093025e+00
9.463939581603714402e+00
9.426329476607335778e+00
9.388719371610955378e+00
9.351109266614576754e+00
9.313499161618198130e+00
9.275889056621817730e+00
9.238278951625439106e+00
9.236784905577511751e+00
9.202899756495634520e+00
9.169014607413757290e+00
9.135129458331878283e+00
9.101244309250001052e+00
9.067359160168123822e+00
9.033474011086244815e+00
8.999588862004367584e+00
8.976902471521210458e+00
8.944453965065477519e+00
8.938120818413453961e+00
8.906144480120921969e+00
8.874168141828389977e+00
8.842191803535857986e+00
8.825163623313201811e+00
8.792007001735617777e+00
8.758850380158031967e+00
8.725693758580447934e+00
8.692537137002863901e+00
8.659380515425279867e+00
8.626223893847694058e+00
8.593067272270110024e+00
8.559910650692525991e+00
8.526754029114940181e+00
8.493597407537356148e+00
8.460440785959772114e+00
8.427284164382188081e+00
8.394127542804602271e+00
8.360970921227018238e+00
8.327814299649434204e+00
8.294657678071848395e+00
8.261501056494264361e+00
8.228344434916680328e+00
8.195187813339096294e+00
8.192037833321998974e+00
8.165558573772957018e+00
8.139079314223915063e+00
8.112600054674871330e+00
8.086120795125829375e+00
8.059641535576787419e+00
8.033162276027745463e+00
8.017673502725703116e+00
7.992600308247473251e+00
7.967527113769244274e+00
7.942453919291014408e+00
7.917380724812784543e+00
7.892307530334555565e+00
7.867234335856325700e+00
7.842161141378095834e+00
7.817087946899865969e+00
7.792014752421636992e+00
7.785608095122531935e+00
7.742100016745027347e+00
7.698591938367522758e+00
7.655083859990019057e+00
7.611575781612514469e+00
7.568067703235009880e+00
7.524559624857505291e+00
7.481051546480000702e+00
7.437543468102497002e+00
7.394035389724992413e+00
7.350527311347487824e+00
7.307019232969983236e+00
7.278758743586109858e+00
7.232410728122578902e+00
7.186062712659047058e+00
7.139714697195516102e+00
7.093366681731984258e+00
7.047018666268453302e+00
7.000670650804922346e+00
6.954322635341390502e+00
6.907974619877859546e+00
6.861626604414327701e+00
6.859428038699473262e+00
6.825131303443749076e+00
6.790834568188024889e+00
6.756537832932300702e+00
6.722241097676577404e+00
6.687944362420853217e+00
6.653647627165129030e+00
6.619350891909404844e+00
6.585054156653680657e+00
6.550757421397956470e+00
6.516460686142232284e+00
6.482163950886508985e+00
6.447867215630784798e+00
6.413570480375060612e+00
6.379273745119336425e+00
6.344977009863612238e+00
6.310680274607888052e+00
6.283312368753155575e+00
6.251358544068667200e+00
6.224383492971468534e+00
6.198162753101792433e+00
6.171942013232116331e+00
6.145721273362441117e+00
6.119500533492765015e+00
6.093279793623088914e+00
6.067059053753412812e+00
6.040838313883736710e+00
6.014617574014061496e+00
5.988396834144385394e+00
5.962176094274709293e+00
5.935955354405033191e+00
5.909734614535357089e+00
5.883513874665681875e+00
5.862540195060467418e+00
5.845823242338134662e+00
5.829106289615802794e+00
5.812389336893470038e+00
5.809276795454637821e+00
5.785633195631683989e+00
5.772896967789868050e+00
5.753960166411972388e+00
5.735023365034076726e+00
5.716086563656181951e+00
5.697149762278286289e+00
5.678212960900390627e+00
5.659276159522494964e+00
5.640339358144599302e+00
5.621402556766703640e+00
5.602465755388808866e+00
5.583528954010913203e+00
5.569341398028541334e+00
5.546669104348334933e+00
5.523996810668129420e+00
5.501324516987923019e+00
5.498545396584767708e+00
5.477434849414272833e+00
5.470367055698196701e+00
5.425638566383438111e+00
5.380910077068680408e+00
5.363339072907231220e+00
5.311015732540725232e+00
5.258692392174220132e+00
5.206369051807714143e+00
5.154045711441209043e+00
5.101722371074703055e+00
5.049399030708197067e+00
4.997075690341691967e+00
4.944752349975185979e+00
4.905824792892910402e+00
4.866844524722185206e+00
4.827864256551459121e+00
4.788883988380733925e+00
4.749903720210008728e+00
4.710923452039283532e+00
4.671943183868557448e+00
4.632962915697832251e+00
4.593982647527107055e+00
4.555002379356380970e+00
4.516022111185655774e+00
4.477041843014930578e+00
4.451656861040541813e+00
4.422872670020570496e+00
4.394088479000598291e+00
4.365304287980626974e+00
4.360876536841296947e+00
4.340114157804083383e+00
4.319351778766868932e+00
4.298589399729655369e+00
4.277827020692441806e+00
4.257064641655227355e+00
4.236302262618013792e+00
4.215539883580799341e+00
4.194777504543585778e+00
4.174015125506372215e+00
4.164281095686054535e+00
4.158548903120895091e+00
4.152816710555734758e+00
4.147084517990575314e+00
4.141352325425414982e+00
4.135620132860255538e+00
4.129887940295095206e+00
4.124155747729935761e+00
4.118423555164776317e+00
4.112765664585004366e+00
4.113989699058850924e+00
4.115213733532698370e+00
4.116437768006544928e+00
4.116871547477960469e+00
4.121137289908173074e+00
4.125324303789953184e+00
4.133115542125104902e+00
4.140906780460256620e+00
4.148698018795408338e+00
4.156489257130560055e+00
4.161639112697178788e+00
4.171173841064154786e+00
4.185617979678234235e+00
4.200062118292312796e+00
4.214506256906392245e+00
4.228950395520471695e+00
4.243394534134551144e+00
4.257838672748629705e+00
4.272282811362709154e+00
4.286726949976788603e+00
4.297887947544156262e+00
4.296010925212340403e+00
4.298234373164875777e+00
4.300457821117411150e+00
4.302681269069946524e+00
4.304904717022481009e+00
4.307128164975016382e+00
4.308379848297055226e+00
4.312299625354718557e+00
4.316219402412382777e+00
4.320139179470046109e+00
4.324058956527709441e+00
4.325344821397384187e+00
4.337558731926206335e+00
4.338684597893245787e+00
4.329329135158505260e+00
4.319973672423764732e+00
4.310618209689025093e+00
4.301262746954284566e+00
4.291907284219544039e+00
4.282551821484803511e+00
4.281978258293204220e+00
4.279358397068846465e+00
4.277012483602682380e+00
4.268727411465580879e+00
4.260442339328479378e+00
4.252157267191377876e+00
4.249880827981685094e+00
4.240559973507156855e+00
4.231239119032629503e+00
4.221918264558101264e+00
4.212597410083573912e+00
4.209066976539431515e+00
4.196699379667066410e+00
4.184331782794701304e+00
4.171964185922336199e+00
4.161336915330382524e+00
4.154163628355881599e+00
4.146990341381379785e+00
4.139817054406878860e+00
4.133464715111275112e+00
4.136045368365156349e+00
4.138626021619036699e+00
4.141206674872917937e+00
4.143787328126798286e+00
4.146367981380679524e+00
4.148948634634560761e+00
4.151529287888441111e+00
4.154305230071496879e+00
4.165206591334271735e+00
4.176107952597045703e+00
4.187009313859820558e+00
4.197910675122594526e+00
4.208812036385369382e+00
4.219713397648144237e+00
4.221056242368818268e+00
4.237778363709947982e+00
4.254500485051077696e+00
4.271222606392207410e+00
4.287944727733337125e+00
4.304666849074466839e+00
4.321388970415596553e+00
4.338111091756726267e+00
4.354833213097855982e+00
4.371555334438985696e+00
4.388277455780116298e+00
4.404999577121246013e+00
4.405858832018788362e+00
4.425849845405868344e+00
4.445840858792948325e+00
4.465831872180028306e+00
4.485822885567108287e+00
4.502181822305134418e+00
4.524591850895162359e+00
4.530384430901906789e+00
4.555362830091248760e+00
4.580341229280591619e+00
4.605319628469933591e+00
4.630298027659276450e+00
4.655276426848618421e+00
4.680254826037960392e+00
4.695208579770596913e+00
4.732043467004360515e+00
4.768878354238124118e+00
4.805713241471887720e+00
4.842548128705651322e+00
4.879383015939414925e+00
4.916217903173178527e+00
4.953052790406942130e+00
4.989887677640705732e+00
5.026722564874469334e+00
5.063557452108232937e+00
5.068867342901356210e+00
5.114869309830838873e+00
5.160871276760321535e+00
5.206873243689805086e+00
5.252875210619287749e+00
5.267619306384164979e+00
5.315788049134306803e+00
5.363956791884448627e+00
5.371429228489183139e+00
5.415834473610846800e+00
5.460239718732510461e+00
5.483358937491789931e+00
5.508379170931123170e+00
5.533399404370456409e+00
5.558419637809789648e+00
5.583439871249122888e+00
5.596037231800185197e+00
5.622013347623598278e+00
5.637824825451655641e+00
5.656734125281475123e+00
5.673526096727179002e+00
5.677974424310847645e+00
5.686946989732684088e+00
5.695919555154519642e+00
5.704892120576356085e+00
5.713864685998192527e+00
5.722837251420028970e+00
5.731809816841864524e+00
5.740782382263700967e+00
5.749754947685537410e+00
5.758727513107372964e+00
5.767700078529209406e+00
5.771967887853917567e+00
5.785123861253693711e+00
5.798279834653469855e+00
5.811435808053245111e+00
5.815590133845679688e+00
5.779003143931766395e+00
5.742416154017853103e+00
5.730309123385703529e+00
5.692895757745788821e+00
5.655482392105875000e+00
5.618069026465960292e+00
5.580655660826046471e+00
5.543242295186131763e+00
5.505828929546217054e+00
5.468415563906303234e+00
5.431002198266388525e+00
5.412122134653582606e+00
5.384892362420290901e+00
5.357662590186999196e+00
5.330432817953708380e+00
5.303203045720416675e+00
5.275973273487124970e+00
5.248743501253833266e+00
5.221513729020541561e+00
5.213193465277067062e+00
5.197100682192997922e+00
5.181007899108929671e+00
5.164915116024860531e+00
5.148822332940791391e+00
5.132729549856722251e+00
5.116636766772653999e+00
5.100543983688584859e+00
5.084451200604515719e+00
5.068358417520446579e+00
5.052265634436378328e+00
5.047157516155603041e+00
5.012160687448320218e+00
4.977163858741036506e+00
4.942167030033753683e+00
4.907170201326469972e+00
4.905394189547398476e+00
4.851109567952954116e+00
4.796824946358508868e+00
4.742540324764064508e+00
4.688255703169619260e+00
4.633971081575174900e+00
4.579686459980730540e+00
4.525401838386285291e+00
4.471117216791840931e+00
4.461320178958236404e+00
4.408479622216545657e+00
4.398767695107736131e+00
4.361452907389019806e+00
4.324138119670302594e+00
4.286823331951586269e+00
4.249508544232869944e+00
4.212193756514152732e+00
4.174878968795436407e+00
4.137564181076720082e+00
4.100249393358003758e+00
4.062934605639286545e+00
4.025619817920570220e+00
3.988305030201853452e+00
3.950990242483137127e+00
3.931955067833504014e+00
3.910962418528583839e+00
3.889969769223663665e+00
3.868977119918743490e+00
3.847984470613823316e+00
3.826991821308903141e+00
3.810077453924156643e+00
3.796951046780099759e+00
3.783824639636042431e+00
3.770698232491985546e+00
3.757571825347928218e+00
3.744445418203871334e+00
3.731319011059814006e+00
3.718192603915757122e+00
3.705797720330667122e+00
3.703808207261330754e+00
3.701818694191994386e+00
3.699829181122658017e+00
3.697839668053321649e+00
3.695850154983985281e+00
3.693860641914648912e+00
3.691871128845312544e+00
3.690168487471373382e+00
3.700631300771256349e+00
3.711094114071139316e+00
3.721556927371022283e+00
3.732019740670905250e+00
3.740389788871739007e+00
3.752430440305445369e+00
3.765858399779447918e+00
3.774194829763428682e+00
3.790183513811905769e+00
3.793198817944813506e+00
3.813906719633818110e+00
3.834614621322822714e+00
3.855322523011827318e+00
3.868613081242378016e+00
3.894282563655290463e+00
3.917620836621293900e+00
3.946152824146865967e+00
3.974684811672438478e+00
4.003216799198010101e+00
4.006277341175196405e+00
4.037081500489382080e+00
4.067885659803568643e+00
4.098689819117754318e+00
4.129493978431939993e+00
4.160298137746125668e+00
4.191102297060312232e+00
4.195927927170453486e+00
4.213497441993923509e+00
4.231066956817393532e+00
4.248636471640862666e+00
4.257053097962467447e+00
4.274990627720991476e+00
4.292928157479516393e+00
4.310865687238040422e+00
4.321241599843067327e+00
4.306109932107896832e+00
4.290978264372726336e+00
4.275846596637555841e+00
4.260714928902385346e+00
4.245583261167213962e+00
4.230451593432043467e+00
4.219468763452336013e+00
4.215802322615961550e+00
4.208345207199475801e+00
4.200888091782990941e+00
4.193430976366505192e+00
4.185973860950020331e+00
4.178516745533534582e+00
4.171059630117049721e+00
4.165754120404296046e+00
4.162168893188260554e+00
4.158583665972225063e+00
4.154998438756189572e+00
4.152152721709396310e+00
4.156059249292323621e+00
4.159965776875250931e+00
4.163872304458178242e+00
4.167778832041105552e+00
4.171685359624032863e+00
4.175591887206960173e+00
4.175971199611572260e+00
4.189229469432696362e+00
4.202487739253821353e+00
4.203259335646078121e+00
4.216198896724437262e+00
4.229138457802796403e+00
4.242078018881155543e+00
4.255017579959514684e+00
4.259295622246027868e+00
4.276629999786831782e+00
4.293964377327634807e+00
4.311298754868438721e+00
4.321394006314448255e+00
4.329404749722478130e+00
4.348042418005034548e+00
4.366680086287590967e+00
4.385317754570147386e+00
4.401721195268305742e+00
4.413698635688372285e+00
4.398113368500848885e+00
4.396607903573720222e+00
4.384146341369480560e+00
4.371684779165240897e+00
4.359223216961001235e+00
4.346761654756760684e+00
4.334300092552521022e+00
4.333730118807889831e+00
4.299918412632417919e+00
4.266106706456945119e+00
4.232295000281473207e+00
4.217925740117248523e+00
4.190081976903044847e+00
4.162238213688840283e+00
4.134394450474636606e+00
4.106550687260432930e+00
4.078706924046229254e+00
4.050863160832024690e+00
4.023019397617821014e+00
3.995175634403617337e+00
3.967331871189413217e+00
3.939488107975209097e+00
3.922944285824644606e+00
3.907114556791661641e+00
3.891284827758678677e+00
3.875455098725695713e+00
3.859625369692712304e+00
3.858841883413885121e+00
3.852516068258427406e+00
3.846190253102969692e+00
3.839864437947512421e+00
3.833538622792054706e+00
3.827212807636596992e+00
3.820886992481139277e+00
3.814561177325681562e+00
3.808235362170223848e+00
3.801909547014766577e+00
3.796530772556641065e+00
3.803042340768572949e+00
3.809553908980505277e+00
3.816065477192437161e+00
3.818142723288456608e+00
3.829411009108194541e+00
3.840679294927932474e+00
3.851947580747669964e+00
3.863215866567407897e+00
3.872735604530176179e+00
3.893782745597640371e+00
3.914829886665104564e+00
3.935877027732568312e+00
3.956924168800032504e+00
3.977971309867496696e+00
3.999018450934960889e+00
4.006678722899070344e+00
4.035102471900857246e+00
4.063526220902644148e+00
4.069891800931843662e+00
4.099763817876495686e+00
4.129635834821146823e+00
4.159507851765798847e+00
4.183835410023699630e+00
4.220902841371588998e+00
4.257970272719477478e+00
4.295037704067366846e+00
4.332105135415255326e+00
4.369172566763144694e+00
4.406239998111033174e+00
4.419648810872229383e+00
4.427878912526159283e+00
4.431586443581302603e+00
4.409850205328371686e+00
4.390912136233934504e+00
4.371974067139496434e+00
4.353035998045059252e+00
4.334097928950622070e+00
4.315159859856184887e+00
4.296221790761746817e+00
4.277283721667309635e+00
4.258345652572872453e+00
4.239407583478434383e+00
4.220469514383997200e+00
4.201531445289560018e+00
4.194280443398075597e+00
4.189334508880859786e+00
4.184388574363644864e+00
4.179442639846429053e+00
4.174931576044251358e+00
4.173296571379045083e+00
4.171661566713839697e+00
4.170740637111820526e+00
4.169423811518081280e+00
4.168106985924342034e+00
4.166790160330602788e+00
4.165473334736863542e+00
4.164156509143124296e+00
4.162839683549385050e+00
4.161522857955645804e+00
4.161059846882500857e+00
4.163462221666953234e+00
4.165864596451404722e+00
4.168266971235857099e+00
4.170669346020308588e+00
4.173071720804760965e+00
4.175474095589213341e+00
4.175739917392921718e+00
4.187961137651313948e+00
4.200182357909707065e+00
4.212403578168099294e+00
4.224624798426492411e+00
4.236846018684884640e+00
4.241098401379786331e+00
4.249125106688794951e+00
4.257069164587789167e+00
4.263107198742636328e+00
4.276604308889440098e+00
4.290101419036244756e+00
4.303598529183048527e+00
4.310365238072986216e+00
4.325179528051877220e+00
4.339993818030769113e+00
4.354808108009660117e+00
4.359421937039624773e+00
4.352111210582289225e+00
4.344800484124953677e+00
4.337489757667618129e+00
4.331141937586822976e+00
4.301639200058636092e+00
4.272136462530449208e+00
4.242633725002263212e+00
4.213130987474076328e+00
4.204695673596882344e+00
4.175338545009967817e+00
4.162812394277812800e+00
4.143677865683232042e+00
4.124543337088651285e+00
4.105408808494070527e+00
4.086274279899488882e+00
4.067139751304908124e+00
4.048005222710327367e+00
4.028870694115746609e+00
4.009736165521165852e+00
3.990601636926584650e+00
3.971467108332003892e+00
3.952332579737423135e+00
3.941072048699611141e+00
3.934595062087368866e+00
3.934671251747326348e+00
3.934747441407283830e+00
3.934823631067241312e+00
3.934899820727198350e+00
3.934976010387155831e+00
3.935052200047113313e+00
3.935128389707070795e+00
3.935204579367028277e+00
3.935280769026985759e+00
3.935356958686942797e+00
3.935433148346900278e+00
3.935456896291170903e+00
3.945065965548810283e+00
3.959707593713036822e+00
3.974349221877262917e+00
3.988990850041489455e+00
4.003632478205715550e+00
4.018274106369942089e+00
4.032915734534168628e+00
4.047557362698395167e+00
4.062198990862621706e+00
4.076840619026848245e+00
4.091482247191074784e+00
4.093014655259641366e+00
