6.514022228660410008e+01
6.514022228660410008e+01
6.504022239700663022e+01
6.494022250740916036e+01
6.484022261781169050e+01
6.474022266193018993e+01
6.464022277233272007e+01
6.454022288273525021e+01
6.444575054205287756e+01
6.434574830969467030e+01
6.424575369305576089e+01
6.414575146804611450e+01
6.404574946378434674e+01
6.394574723142614658e+01
6.392969666069561896e+01
6.382970040769190234e+01
6.372969651733923513e+01
6.362970026433551851e+01
6.352969642367571623e+01
6.342969977520967007e+01
6.332969588485700285e+01
6.322969963185328623e+01
6.312969579119348396e+01
6.302969948849312942e+01
6.292969564783332714e+01
6.282969939482961053e+01
6.272969555416980825e+01
6.262969885600731601e+01
6.253527986883945999e+01
6.244209370164904271e+01
6.234209716661904110e+01
6.227632898675192052e+01
6.217632761061295810e+01
6.207632623447399567e+01
6.197633275353414462e+01
6.187633137739518219e+01
6.177633000125621976e+01
6.167632862511725733e+01
6.157632681948535236e+01
6.147632544334638993e+01
6.146724768127304372e+01
6.136724836662403249e+01
6.126724944648092475e+01
6.116725013183191351e+01
6.106725113434457342e+01
6.096724429564100944e+01
6.086724529815366935e+01
6.076724606084864888e+01
6.066724706336130879e+01
6.064092055208536891e+01
6.054092033332375422e+01
6.044229626679154421e+01
6.034229753706248545e+01
6.024229886808846146e+01
6.014229277213937053e+01
6.004229410316534654e+01
5.994229537343628778e+01
5.984229670446226379e+01
5.974229797473320502e+01
5.964229955205392741e+01
5.954229320982899054e+01
5.944229454085496656e+01
5.934229581112590779e+01
5.924229714215188380e+01
5.914229841242282504e+01
5.908065388732760681e+01
5.898065104198553854e+01
5.888065576320104100e+01
5.878065291785897273e+01
5.868065006997039035e+01
5.858065479373259876e+01
5.848065242691779275e+01
5.838065714813329521e+01
5.828065430279122694e+01
5.818065145490264456e+01
5.808065617866485297e+01
5.798065333332278470e+01
5.788065048543420232e+01
5.778065520919641074e+01
5.768065236130782836e+01
5.758065330051903885e+01
5.748065423973024934e+01
5.738065517639485336e+01
5.728065280958004735e+01
5.718065374624465136e+01
5.708065468545586185e+01
5.698312407510005073e+01
5.688312244714398247e+01
5.678312460931711314e+01
5.668312335221125409e+01
5.658312551438438476e+01
5.648312366444270793e+01
5.638312582661583860e+01
5.628312419865977034e+01
5.618312294155391129e+01
5.608312510372704196e+01
5.603605366787838449e+01
5.593605287613800670e+01
5.583605216697912255e+01
5.580440739714308762e+01
5.570440828222068319e+01
5.560440617449692979e+01
5.550440705957452536e+01
5.540440869714115024e+01
5.530440583695654766e+01
5.520440747452317254e+01
5.510440835960076811e+01
5.500440549941616553e+01
5.490440713698279040e+01
5.480440802206038597e+01
5.471725856289120316e+01
5.461726044464325724e+01
5.451725778184993487e+01
5.441725966360198896e+01
5.431725700080866659e+01
5.421725888256072068e+01
5.411725979594204716e+01
5.401725719310103813e+01
5.391725810648236461e+01
5.381725998823441870e+01
5.371725732544109633e+01
5.361725920719315042e+01
5.351725654439982804e+01
5.341725842615188213e+01
5.332488541048454067e+01
5.322488651384303182e+01
5.312488446927327601e+01
5.302488557263176716e+01
5.292488730158595445e+01
5.282488463144411384e+01
5.272488628931099441e+01
5.262488369025338386e+01
5.252488479361187501e+01
5.244892683458177629e+01
5.234892528200342809e+01
5.224892801397074749e+01
5.214892646139239929e+01
5.204892541383170368e+01
5.194892764076227820e+01
5.184892608818393001e+01
5.181751244415884372e+01
5.171751253768113799e+01
5.161751323547409953e+01
5.151751332899639380e+01
5.141751342251868806e+01
5.131751351604098232e+01
5.121751421383394387e+01
5.116010980712678702e+01
5.106010778452997556e+01
5.096010996685794936e+01
5.086010794426113790e+01
5.076010970188309557e+01
5.066010838926239046e+01
5.056011014688434813e+01
5.046010812428753667e+01
5.036010988190949433e+01
5.026010828400264074e+01
5.016011004162459841e+01
5.006010801902778695e+01
5.002868101558367897e+01
4.992867992611391514e+01
4.982868239679479672e+01
4.972868047649593137e+01
4.964531760484714340e+01
4.954531574377345748e+01
4.944531846104293749e+01
4.934531659996925157e+01
4.924531845479976511e+01
4.914531745613300018e+01
4.904531931096351371e+01
4.894531744988982780e+01
4.884531645122306287e+01
4.874531830605357641e+01
4.870909422664142596e+01
4.860909354374857116e+01
4.850909235605449510e+01
4.840909545241238732e+01
4.834327881670637339e+01
4.824327900103274658e+01
4.814327861070457715e+01
4.804327879503095033e+01
4.794327840470278090e+01
4.784327858902915409e+01
4.774327819870098466e+01
4.764327838302735785e+01
4.754327799269918842e+01
4.744327817702556160e+01
4.734327778669739217e+01
4.724327797102376536e+01
4.716316048219698587e+01
4.706316027238478483e+01
4.696315988336628067e+01
4.686315967355407963e+01
4.676315992663840149e+01
4.666315971682620045e+01
4.656315950701399942e+01
4.646315911799549525e+01
4.636315890818329422e+01
4.626315869837109318e+01
4.616316206533059585e+01
4.606316185551839482e+01
4.596316210860271667e+01
4.586316189879051564e+01
4.577748495468048873e+01
4.567748611857563645e+01
4.557748439734334767e+01
4.547748556123849539e+01
4.537748358789893643e+01
4.527748475179408416e+01
4.517748678634423953e+01
4.507748419448964228e+01
4.497748597692305594e+01
4.487748338506845869e+01
4.477748541961861406e+01
4.471766280559312179e+01
4.461766228735420015e+01
4.451766108809149358e+01
4.445592039892755309e+01
4.435592035595284699e+01
4.425592014592236723e+01
4.415592010294766112e+01
4.405591989291718136e+01
4.395591984994247525e+01
4.385592018146184756e+01
4.375591959693931443e+01
4.365591992845868674e+01
4.355591934393615361e+01
4.345591967545552592e+01
4.335591963248081981e+01
4.325591942245034005e+01
4.319260421099077263e+01
4.309529627355943404e+01
4.299529558222652526e+01
4.289529536200972615e+01
4.279529462563895947e+01
4.269529771952294794e+01
4.263672084180510780e+01
4.253672242363699496e+01
4.243672020925000510e+01
4.233672179108189226e+01
4.223671957669490240e+01
4.223466099342063984e+01
4.213466039812975339e+01
4.203466032052151036e+01
4.193465972523062391e+01
4.183465998049773305e+01
4.173465938520684659e+01
4.163465930759860356e+01
4.153466247700939817e+01
4.148408467275098843e+01
4.138408276089207760e+01
4.130121465714804430e+01
4.120121583152069178e+01
4.110121349846553329e+01
4.100121467283818077e+01
4.090121596195409381e+01
4.080121594517282801e+01
4.070121349737856065e+01
4.060121478649447369e+01
4.050121596086712117e+01
4.040121351307285380e+01
4.032127777586769923e+01
4.022127735185198105e+01
4.021034758911622475e+01
4.011034799637859294e+01
4.010378423577982687e+01
4.000378441086571257e+01
3.990378458595159827e+01
3.980378535483119151e+01
3.970378552991707721e+01
3.960378524130644706e+01
3.950378541639233276e+01
3.940378559147821846e+01
3.930378576656410416e+01
3.920378279586093129e+01
3.916247974399554721e+01
3.906248025581390948e+01
3.896248154092799609e+01
3.886247828756266642e+01
3.876247899081263881e+01
3.866247950263100108e+01
3.856248078774508770e+01
3.846248129956344997e+01
3.837049494498047864e+01
3.827049513309034978e+01
3.817049479965996284e+01
3.807049498776983398e+01
3.797049516867649999e+01
3.787049484244928266e+01
3.777049502335594866e+01
3.767049521146581981e+01
3.757049487803543286e+01
3.747049506614530401e+01
3.746030458665619989e+01
3.736030509934768418e+01
3.735055367206390287e+01
3.725055342943720404e+01
3.715055361754708230e+01
3.705055337492038348e+01
3.695055356303026173e+01
3.685055332040356291e+01
3.675055350851344116e+01
3.665055326588674234e+01
3.655055345399662059e+01
3.645055321136992177e+01
3.635055339947979292e+01
3.625055315685309409e+01
3.617057740411942035e+01
3.607057880877909639e+01
3.601145897257071482e+01
3.591145996598833534e+01
3.581145767826134119e+01
3.571145950151361603e+01
3.561146049493123655e+01
3.551145778862885294e+01
3.541145920063735275e+01
3.533680270843085225e+01
3.523680218408015463e+01
3.513680165972945701e+01
3.503680483285111080e+01
3.493680430850041319e+01
3.483680312895531728e+01
3.473680193267571781e+01
3.463680140832502019e+01
3.460012555679111301e+01
3.450012370830459929e+01
3.440012563545949575e+01
3.432015738759238843e+01
3.422015654957729680e+01
3.412015631837382301e+01
3.402015548035873138e+01
3.392015897472462171e+01
3.386858467441732046e+01
3.376858553890377124e+01
3.366858326543733426e+01
3.356978578870904784e+01
3.346978626625747921e+01
3.336978674380591059e+01
3.332334485314236616e+01
3.322334493800626376e+01
3.312334589155124576e+01
3.302334597641514335e+01
3.292334606127904095e+01
3.282334331204967981e+01
3.272334339691357741e+01
3.266136284455824068e+01
3.256136298275496443e+01
3.246136291656996775e+01
3.236136305476669150e+01
3.234686950570270625e+01
3.224686790073828746e+01
3.221701104091030032e+01
3.211700940909803137e+01
3.202676248077195709e+01
3.192676406726053528e+01
3.188387649775041766e+01
3.178387715698054450e+01
3.174711116924951781e+01
3.164711075745735869e+01
3.154710962484164583e+01
3.144710921304948670e+01
3.134711253773426165e+01
3.124711212594210252e+01
3.114711125998757169e+01
3.104711084819541256e+01
3.094711043640325343e+01
3.084711002461109430e+01
3.083637629820691828e+01
3.073637454401511704e+01
3.063637649911023431e+01
3.053637474491843307e+01
3.043637680398907008e+01
3.033637494582571392e+01
3.025090814474805967e+01
3.015090975684841723e+01
3.005090704261545653e+01
2.995090865471581409e+01
2.985090920233207612e+01
2.975090755254849029e+01
2.965090916464884785e+01
2.955090645041588715e+01
2.945090806251624471e+01
2.935090861013250674e+01
2.925090696034892090e+01
2.915090674682598504e+01
2.906255332457715923e+01
2.896255482448050245e+01
2.886255204309230038e+01
2.876255354299564360e+01
2.866255504289898681e+01
2.856255226151078475e+01
2.846255376141412796e+01
2.836255526131747118e+01
2.826255247992926911e+01
2.816255397983261233e+01
2.806255276085229511e+01
2.796255100076707123e+01
2.786255250067041445e+01
2.776255297923748699e+01
2.768333407397664914e+01
2.758333298159653424e+01
2.748333565171654058e+01
2.738333397850475848e+01
2.728333288612464358e+01
2.718333555624464992e+01
2.708333446386453502e+01
2.698333337148442013e+01
2.688333604160442647e+01
2.678333436839264436e+01
2.668333327601252947e+01
2.658333218363241457e+01
2.652052202257519653e+01
2.642052026423617050e+01
2.636798048325029953e+01
2.626798211899790303e+01
2.616798016712199626e+01
2.606798180286959976e+01
2.596797985099369299e+01
2.586798148674129649e+01
2.576797953486538972e+01
2.566798117061299322e+01
2.557503152082672315e+01
2.547503104304191979e+01
2.541584821494242519e+01
2.531584997220058142e+01
2.521584776974589914e+01
2.511584952700405537e+01
2.501584749865935464e+01
2.491584925591751087e+01
2.481584850934229181e+01
2.471584837379929667e+01
2.461584823825630153e+01
2.451584792860002793e+01
2.441584779305703279e+01
2.431584765751403765e+01
2.427347694087100649e+01
2.417347708799898243e+01
2.407347771279541959e+01
2.397347597257321183e+01
2.387347632284642884e+01
2.377347646997440478e+01
2.367347709477084194e+01
2.357347724189881788e+01
2.349060976890240582e+01
2.339060933033483636e+01
2.329061025257471940e+01
2.319060981400714994e+01
2.315514193612277083e+01
2.305514160536628765e+01
2.295514127460980447e+01
2.285514268174334163e+01
2.275514235098685845e+01
2.265514149076209449e+01
2.255514116000561131e+01
2.249878516894655078e+01
2.239878565149722789e+01
2.229878613404790499e+01
2.219878458467092841e+01
2.209878506722160552e+01
2.199878554977228262e+01
2.189878603232295973e+01
2.185076451749957727e+01
2.175076509931303548e+01
2.165076379380448657e+01
2.155076430205761184e+01
2.145076488387107005e+01
2.135076412470853668e+01
2.125076470652199490e+01
2.115076521477512017e+01
2.112474854810625047e+01
2.102474803930783409e+01
2.096329847547035996e+01
2.087765683692866858e+01
2.077765700675766780e+01
2.070940157099197876e+01
2.060940202598483850e+01
2.052036829304483589e+01
2.042036861757926403e+01
2.032036894211369216e+01
2.022036926664812029e+01
2.012036860289090257e+01
2.003205474865251290e+01
1.993205534623670161e+01
1.983205394856120662e+01
1.973205454614539534e+01
1.963414024543851966e+01
1.953413958646521209e+01
1.943414012496828747e+01
1.933413946599497990e+01
1.923414000449805528e+01
1.913413934552474771e+01
1.908885936349146917e+01
1.898885865998960654e+01
1.888885892316934445e+01
1.878886006414495924e+01
1.868885936064309661e+01
1.858885865255741265e+01
1.848885892032101452e+01
1.838886005671272628e+01
1.832876852392280398e+01
1.822876833119087436e+01
1.812876815526637841e+01
1.802876796253444880e+01
1.792876781309439593e+01
1.782876762036246632e+01
1.772876935164500267e+01
1.762876915891307306e+01
1.752876896618114344e+01
1.742876879025664749e+01
1.732876864081659463e+01
1.727348574033071671e+01
1.720085993129895385e+01
1.710085942310080043e+01
1.700086050774168811e+01
1.697298677865942196e+01
1.687298737808080062e+01
1.677298641104595234e+01
1.667298701046733100e+01
1.657298566465050982e+01
1.647298659753158034e+01
1.641792604540373191e+01
1.631792573627496523e+01
1.621792584987892027e+01
1.611792554075015360e+01
1.607755280703912959e+01
1.597755319480185676e+01
1.594476582825326716e+01
1.584476509542950495e+01
1.578818398366238185e+01
1.568818351342635076e+01
1.561609817024975477e+01
1.551609779438249426e+01
1.541609741851523374e+01
1.531609781011604277e+01
1.521609743424878225e+01
1.520169835208247378e+01
1.510169764969018580e+01
1.500169761602870189e+01
1.490169879074696269e+01
1.480169875708547877e+01
1.470169805469319080e+01
1.460169802103170689e+01
1.450169731863941891e+01
1.445323600224103089e+01
1.435323647387772006e+01
1.425323525511567979e+01
1.415323572675236896e+01
1.405323623527834265e+01
1.395323688481319202e+01
1.385323545126773226e+01
1.375323595979370594e+01
1.365323660932855532e+01
1.355323521267167841e+01
1.345323568430836758e+01
1.335323615594505675e+01
1.325323684236925814e+01
1.316583924637054714e+01
1.306583826674841653e+01
1.296583934056620002e+01
1.286583836094406941e+01
1.276583928749499819e+01
1.266583844094891731e+01
1.256583938168809489e+01
1.246583840206596427e+01
1.236583946169547943e+01
1.226583849626132761e+01
1.216583955589084276e+01
1.206583857626871215e+01
1.196583951700788973e+01
1.188851950693952553e+01
1.179327975132487971e+01
1.169327949065385219e+01
1.159327936924438696e+01
1.149327910857335944e+01
1.139327883691566434e+01
1.129328048210397739e+01
1.119328036069451215e+01
1.109328010002348464e+01
1.099327982836578954e+01
1.089327971794300787e+01
1.079327944628531277e+01
1.069327918561428525e+01
1.059327891395659016e+01
1.050874706811964643e+01
1.040874728029479890e+01
1.030874768521066365e+01
1.020874789738581612e+01
1.010874639784838891e+01
1.000874661002354138e+01
9.908747014939406128e+00
9.845632299130450349e+00
9.745632806801495462e+00
9.645631175771381294e+00
9.545633021288493225e+00
9.445633528959538339e+00
9.345631897929424170e+00
9.245632405600469284e+00
9.145630774570355115e+00
9.131650835865006144e+00
9.031651300589501830e+00
8.993693393903168243e+00
8.893693442023453244e+00
8.793693445251067331e+00
8.693693493371352332e+00
8.593693541491637333e+00
8.493693476179752011e+00
8.393693479407366098e+00
8.293693527527651099e+00
8.267102010403013068e+00
8.167102434254635668e+00
8.067101874865844735e+00
7.967102298717467335e+00
7.867101739328676402e+00
7.767102163180299002e+00
7.667101823597199939e+00
7.567102027641452899e+00
7.467101500557738802e+00
7.367102111911759899e+00
7.267102315956012859e+00
7.231997942887351094e+00
7.131997920026113214e+00
7.031997774419573410e+00
6.931997751558335530e+00
6.831997728697097649e+00
6.796448483777114191e+00
6.696448304942239638e+00
6.596449036550457556e+00
6.496448857715583003e+00
6.396447752961927691e+00
6.296448484570145609e+00
6.196448305735271056e+00
6.096448126900396502e+00
5.996448858508614421e+00
5.896448679673739868e+00
5.796448485354746438e+00
5.743535748445860456e+00
5.643535089522575987e+00
5.543535579690307635e+00
5.443534920767023166e+00
5.343535631615874415e+00
5.328732282072372151e+00
5.228731977945809462e+00
5.128731673819246772e+00
5.028732683967190198e+00
4.928732379840627509e+00
4.904465686506192412e+00
4.804466407868877909e+00
4.704465543874289502e+00
4.694412113501127415e+00
4.594411756423959048e+00
4.494412152117510217e+00
4.394411795040341850e+00
4.294411762251971965e+00
4.194411833655334654e+00
4.094411800866964768e+00
3.994411443789796401e+00
3.960224266935208348e+00
3.860223948420484774e+00
3.760224325628485076e+00
3.660223771009967653e+00
3.560224402222929019e+00
3.460224083708205445e+00
3.360224460916205746e+00
3.260224142401482172e+00
3.160224537508407039e+00
3.060223964991134693e+00
3.029143012097021082e+00
2.929142270051050545e+00
2.829143629158055173e+00
2.729142887112084637e+00
2.629143357020724991e+00
2.529142614974754455e+00
2.529042465548539731e+00
2.429042527056593848e+00
2.329043484344185178e+00
2.229042258233518314e+00
2.162719366308714530e+00
2.062719703121363324e+00
1.962719153009367057e+00
1.862719489822015850e+00
1.857762563735428474e+00
1.757762026028872659e+00
1.657762987099998364e+00
1.602471565375863882e+00
1.502471459059445902e+00
1.402471352743027921e+00
1.302471246426609941e+00
1.202471140110191961e+00
1.148841092083964455e+00
1.048840753687751981e+00
9.488412776160983775e-01
8.488409392198859038e-01
7.488409972900480494e-01
7.011842528942984210e-01
6.011834773609870952e-01
5.011827018276757695e-01
4.011832144054695570e-01
3.011855369261140503e-01
2.011847613928027800e-01
1.832611307548942248e-01
8.325940792192497442e-02
0.000000000000000000e+00
