1.096716503047069047e+01
1.096716503047069047e+01
1.094970808972058762e+01
1.093225114897048478e+01
1.091479420822038193e+01
1.089733726747027909e+01
1.087988032672017624e+01
1.086242338597007162e+01
1.084593150950912666e+01
1.083143146640629872e+01
1.081693142330347079e+01
1.080243138020064286e+01
1.078793133709781493e+01
1.077343129399498700e+01
1.077110347430582316e+01
1.075521137878882172e+01
1.073931928327182206e+01
1.072342718775482062e+01
1.070753509223782096e+01
1.069164299672081953e+01
1.067575090120381986e+01
1.065985880568681843e+01
1.064396671016981877e+01
1.062807461465281733e+01
1.061218251913581767e+01
1.059629042361881623e+01
1.058039832810181657e+01
1.056450623258481514e+01
1.054950142590007012e+01
1.052900875862151153e+01
1.049678845931111759e+01
1.047559887134513801e+01
1.044590596203673449e+01
1.041621305272833276e+01
1.038652014341992924e+01
1.035682723411152573e+01
1.032713432480312221e+01
1.029744141549472047e+01
1.026774850618631696e+01
1.023805559687791344e+01
1.023535909313875081e+01
1.019126438028145465e+01
1.014716966742415671e+01
1.010307495456686055e+01
1.005898024170956440e+01
1.001488552885226824e+01
9.970790815994970302e+00
9.926696103137674143e+00
9.882601390280377984e+00
9.870992518388192138e+00
9.829196339251382142e+00
9.787975156303723168e+00
9.748352342596088960e+00
9.708729528888454752e+00
9.669106715180822320e+00
9.629483901473188112e+00
9.589861087765553904e+00
9.550238274057919696e+00
9.510615460350287265e+00
9.470992646642653057e+00
9.431369832935018849e+00
9.391747019227384641e+00
9.352124205519750433e+00
9.312501391812118001e+00
9.272878578104483793e+00
9.248454133090865170e+00
9.213051260980849477e+00
9.177648388870833784e+00
9.142245516760819868e+00
9.106842644650804175e+00
9.071439772540788482e+00
9.036036900430772789e+00
9.000634028320757096e+00
8.965231156210741403e+00
8.929828284100727487e+00
8.894425411990711794e+00
8.859022539880696101e+00
8.823619667770680408e+00
8.788216795660664715e+00
8.752813923550650799e+00
8.717411051440635106e+00
8.682008179330619413e+00
8.646605307220603720e+00
8.611202435110588027e+00
8.575799563000572334e+00
8.540396690890558418e+00
8.505868336385509210e+00
8.478941189414378243e+00
8.452014042443247277e+00
8.425086895472116311e+00
8.398159748500985344e+00
8.371232601529854378e+00
8.344305454558723412e+00
8.317378307587592445e+00
8.290451160616461479e+00
8.263524013645330513e+00
8.250849295966267150e+00
8.226506161041070797e+00
8.202163026115874445e+00
8.194459331751653863e+00
8.153213490304745292e+00
8.111967648857836721e+00
8.070721807410928150e+00
8.029475965964017803e+00
7.988230124517109232e+00
7.946984283070200661e+00
7.905738441623292090e+00
7.864492600176382631e+00
7.823246758729474060e+00
7.782000917282565489e+00
7.746055647432770641e+00
7.704826123567038110e+00
7.663596599701305578e+00
7.622367075835573047e+00
7.581137551969840516e+00
7.539908028104107984e+00
7.498678504238375453e+00
7.457448980372642922e+00
7.416219456506909502e+00
7.374989932641176971e+00
7.333760408775444439e+00
7.292530884909711908e+00
7.251301361043979377e+00
7.210071837178246845e+00
7.171986826358641487e+00
7.129744137501433876e+00
7.087501448644226265e+00
7.045258759787019542e+00
7.003016070929811931e+00
6.960773382072604321e+00
6.918530693215396710e+00
6.876288004358189099e+00
6.834045315500982376e+00
6.801958370746218563e+00
6.765069569188874254e+00
6.728180767631529946e+00
6.691291966074185638e+00
6.654403164516841329e+00
6.617514362959497021e+00
6.580625561402152712e+00
6.569037169317049063e+00
6.537801900414265788e+00
6.506566631511482512e+00
6.475331362608698349e+00
6.444096093705915074e+00
6.412860824803131798e+00
6.381625555900348523e+00
6.363695687905075005e+00
6.338239218267238684e+00
6.312782748629401475e+00
6.287326278991565154e+00
6.261869809353728833e+00
6.236413339715891624e+00
6.210956870078055303e+00
6.185500400440218982e+00
6.160043930802381773e+00
6.134587461164545452e+00
6.109130991526709131e+00
6.083674521888871922e+00
6.075673861180161062e+00
6.055969358398967550e+00
6.036264855617774927e+00
6.016560352836581416e+00
6.000134007270442105e+00
5.986967687180727360e+00
5.973801367091011727e+00
5.960635047001296982e+00
5.947468726911582237e+00
5.934302406821866605e+00
5.921136086732151860e+00
5.907969766642437115e+00
5.894803446552721482e+00
5.881637126463006737e+00
5.876867840562417733e+00
5.865292162353954453e+00
5.853716484145491172e+00
5.842140805937027892e+00
5.827793853106607358e+00
5.791043238930569714e+00
5.754292624754532071e+00
5.717542010578494427e+00
5.680791396402456783e+00
5.644040782226419140e+00
5.607290168050381496e+00
5.570539553874343852e+00
5.533788939698306208e+00
5.497038325522268565e+00
5.460287711346230921e+00
5.423537097170193277e+00
5.387348208155708917e+00
5.345220700254732726e+00
5.303093192353756535e+00
5.260965684452780344e+00
5.218838176551804153e+00
5.176710668650827962e+00
5.134583160749851771e+00
5.092455652848875580e+00
5.050328144947899389e+00
5.008200637046923198e+00
4.966073129145947007e+00
4.923945621244970816e+00
4.881818113343994625e+00
4.839690605443017546e+00
4.803597640970012961e+00
4.776588656041306002e+00
4.749579671112599044e+00
4.722570686183892086e+00
4.695561701255186016e+00
4.668552716326479057e+00
4.641543731397772099e+00
4.614534746469065141e+00
4.587525761540358182e+00
4.560516776611651224e+00
4.533507791682944266e+00
4.521549397073833632e+00
4.499298138549155723e+00
4.477046880024477815e+00
4.463308417516672399e+00
4.456657265122667688e+00
4.450006112728662977e+00
4.443354960334658266e+00
4.436703807940653554e+00
4.430052655546648843e+00
4.423401503152643244e+00
4.416750350758638533e+00
4.410099198364633821e+00
4.403448045970629110e+00
4.396796893576624399e+00
4.390145741182619687e+00
4.383494588788614976e+00
4.381641373860712285e+00
4.384343820519962520e+00
4.382105236246707669e+00
4.379866651973453706e+00
4.377628067700198855e+00
4.375389483426944004e+00
4.374078223027115797e+00
4.381042254642538047e+00
4.388006286257960298e+00
4.394970317873381660e+00
4.401934349488803910e+00
4.402077797923158009e+00
4.413251436253124993e+00
4.424425074583091977e+00
4.435598712913058073e+00
4.446772351243025057e+00
4.457945989572992040e+00
4.469119627902959024e+00
4.480293266232926008e+00
4.485944481361173963e+00
4.504838126196136550e+00
4.521059444660974869e+00
4.520031660249144601e+00
4.519003875837315221e+00
4.517976091425484952e+00
4.516948307013654684e+00
4.515920522601824416e+00
4.514892738189995036e+00
4.513864953778164768e+00
4.512837169366334500e+00
4.511809384954505120e+00
4.510987806151971924e+00
4.507666767407113362e+00
4.507303771674907367e+00
4.491264445508895697e+00
4.489433066962080332e+00
4.462451611565821707e+00
4.435470156169563971e+00
4.408488700773305347e+00
4.381507245377046722e+00
4.354525789980788986e+00
4.327544334584530361e+00
4.300562879188271737e+00
4.273581423792014000e+00
4.246599968395755376e+00
4.235455415433580839e+00
4.219795076189730487e+00
4.204134736945879247e+00
4.188474397702028895e+00
4.172814058458178543e+00
4.157153719214328191e+00
4.141493379970476951e+00
4.125833040726626599e+00
4.113625240373098180e+00
4.108809484279627000e+00
4.103993728186155820e+00
4.099177972092684641e+00
4.094362215999214349e+00
4.089546459905743170e+00
4.084730703812271990e+00
4.079914947718800811e+00
4.075099191625329631e+00
4.070283435531858451e+00
4.069792692745576979e+00
4.071917458663942391e+00
4.072124642769770375e+00
4.083045924080168199e+00
4.093967205390566022e+00
4.104888486700963846e+00
4.115809768011360781e+00
4.126731049321758604e+00
4.137652330632156428e+00
4.148573611942554251e+00
4.159494893252952075e+00
4.170416174563349898e+00
4.181337455873747722e+00
4.192258737184145545e+00
4.200993170343851446e+00
4.222703228502330930e+00
4.235537874369824429e+00
4.259392084647521060e+00
4.283246294925216802e+00
4.307100505202913432e+00
4.330954715480609174e+00
4.354808925758305804e+00
4.378663136036001546e+00
4.396471798223231531e+00
4.427858672560734732e+00
4.459245546898237045e+00
4.490632421235740246e+00
4.522019295573243447e+00
4.553406169910745760e+00
4.584793044248248961e+00
4.616179918585752162e+00
4.627691730033203221e+00
4.673287241192082497e+00
4.718882752350961773e+00
4.755344647838237293e+00
4.800644985253470942e+00
4.845945322668703703e+00
4.891245660083937352e+00
4.936545997499170113e+00
4.959908610512818505e+00
5.007225910670048741e+00
5.054543210827278976e+00
5.101292176097924624e+00
5.134236990278039592e+00
5.167181804458154559e+00
5.182481684367567176e+00
5.214878133455856712e+00
5.247274582544146249e+00
5.279671031632434897e+00
5.312067480720724433e+00
5.344463929809013969e+00
5.376860378897303505e+00
5.396940348711605218e+00
5.434470623027162439e+00
5.472000897342720549e+00
5.509531171658277771e+00
5.514970561419663575e+00
5.546506967840873159e+00
5.555923254634163477e+00
5.570503938344409711e+00
5.583662795448940841e+00
5.588514275482161509e+00
5.590596884857177429e+00
5.595805074829272918e+00
5.597719882979886208e+00
5.611357841934655255e+00
5.624995800889425190e+00
5.638633759844194238e+00
5.652271718798964173e+00
5.665909677753733220e+00
5.679547636708502267e+00
5.693185595663272203e+00
5.706823554618041250e+00
5.720461513572810297e+00
5.721925530838661622e+00
5.739603675994043641e+00
5.757281821149424772e+00
5.774959966304806791e+00
5.792638111460188810e+00
5.810316256615569941e+00
5.823053581503827125e+00
5.793454742287612369e+00
5.763855903071396725e+00
5.734257063855181968e+00
5.704658224638967212e+00
5.675059385422752456e+00
5.645460546206536812e+00
5.615861706990322055e+00
5.586262867774107299e+00
5.556664028557892543e+00
5.527065189341676898e+00
5.497466350125462142e+00
5.471314349094307694e+00
5.455382523846250109e+00
5.439450698598191636e+00
5.423518873350134051e+00
5.407587048102075578e+00
5.391655222854017993e+00
5.375723397605959519e+00
5.359791572357901934e+00
5.343859747109843461e+00
5.327927921861785876e+00
5.311996096613727403e+00
5.296064271365669818e+00
5.280132446117611345e+00
5.264200620869553759e+00
5.250676328362074763e+00
5.209721905339510073e+00
5.168767482316946271e+00
5.127813059294381581e+00
5.086858636271816891e+00
5.045904213249253090e+00
5.004949790226688400e+00
4.963995367204124598e+00
4.923040944181559908e+00
4.882086521158995218e+00
4.841132098136431416e+00
4.800177675113866727e+00
4.774453361925966810e+00
4.725902638690707036e+00
4.700393341359320409e+00
4.654834623451953313e+00
4.609275905544587104e+00
4.563717187637220007e+00
4.518158469729852911e+00
4.472599751822485814e+00
4.427041033915119606e+00
4.381482316007752509e+00
4.339135960490204447e+00
4.299346826341881922e+00
4.275798301371345644e+00
4.242708408592093861e+00
4.209618515812842077e+00
4.176528623033589405e+00
4.143438730254337621e+00
4.110348837475085837e+00
4.077258944695834053e+00
4.044169051916581381e+00
4.011079159137329597e+00
3.977989266358077813e+00
3.944899373578825585e+00
3.911809480799573802e+00
3.897788871713731229e+00
3.878223260129629590e+00
3.858657648545527952e+00
3.839092036961426313e+00
3.819526425377324674e+00
3.799960813793223036e+00
3.780395202209121397e+00
3.760829590625019758e+00
3.744616121663207231e+00
3.735700186890454244e+00
3.726784252117701701e+00
3.717868317344948714e+00
3.714706028524217274e+00
3.709343118747196133e+00
3.703980208970174548e+00
3.698617299193153407e+00
3.693254389416131822e+00
3.687891479639110681e+00
3.682528569862089096e+00
3.679506207292454700e+00
3.689157038577389525e+00
3.698807869862324793e+00
3.708458701147259617e+00
3.718109532432194886e+00
3.727760363717129710e+00
3.737411195002064979e+00
3.742045587048200339e+00
3.757688235830560330e+00
3.773330884612920322e+00
3.788973533395280313e+00
3.804616182177640304e+00
3.820258830960000296e+00
3.835901479742360287e+00
3.851544128524720279e+00
3.855613715207705905e+00
3.874287622550565136e+00
3.885762752175845769e+00
3.888079606814830669e+00
3.883845248821697460e+00
3.880955076513473934e+00
3.879198097166119741e+00
3.877633800860508906e+00
3.870356439868622100e+00
3.863079078876734851e+00
3.855801717884848046e+00
3.848524356892960796e+00
3.842097461468658715e+00
3.842458771441245702e+00
3.842820081413832689e+00
3.843181391386419232e+00
3.843535166250950930e+00
3.852503500934191916e+00
3.861471835617433346e+00
3.870440170300674332e+00
3.879408504983915762e+00
3.888376839667156748e+00
3.892437780692463711e+00
3.908768273183417907e+00
3.925098765674372103e+00
3.941429258165326299e+00
3.957759750656280495e+00
3.974090243147234691e+00
3.990420735638188887e+00
4.006751228129142639e+00
4.018237902814447260e+00
4.022705639183883797e+00
4.027173375553320334e+00
4.031641111922756870e+00
4.036108848292193407e+00
4.040576584661629944e+00
4.045044321031066481e+00
4.049512057400503018e+00
4.053979793769939555e+00
4.058447530139376092e+00
4.062915266508812628e+00
4.065385155524608329e+00
4.071334732482326579e+00
4.081063058456756210e+00
4.090791384431185840e+00
4.093502975566431168e+00
4.109265483554875864e+00
4.125027991543321448e+00
4.140790499531766145e+00
4.156553007520210841e+00
4.172315515508655537e+00
4.180994467960314154e+00
4.205775781806060820e+00
4.230557095651808375e+00
4.255338409497555041e+00
4.265343428378809421e+00
4.289805491804789206e+00
4.297825863348250230e+00
4.313802478067281676e+00
4.322842341374612651e+00
4.328948070432443451e+00
4.333349434886043738e+00
4.338046429052284658e+00
4.342743423218526466e+00
4.347440417384767386e+00
4.352137411551009194e+00
4.352813770162046403e+00
4.331768765738618576e+00
4.310723761315191638e+00
4.289678756891763811e+00
4.268633752468336873e+00
4.247588748044909046e+00
4.226543743621481219e+00
4.205498739198054281e+00
4.195299835558220281e+00
4.173432066795843554e+00
4.151564298033466827e+00
4.129696529271089211e+00
4.107828760508712485e+00
4.085960991746335758e+00
4.064093222983959031e+00
4.042225454221582304e+00
4.020357685459204689e+00
3.998489916696827962e+00
3.976622147934451235e+00
3.954754379172074508e+00
3.932886610409697337e+00
3.914082361074803007e+00
3.911739586496797649e+00
3.909396811918791848e+00
3.907054037340786490e+00
3.904711262762781132e+00
3.902368488184775330e+00
3.900025713606769973e+00
3.897682939028764615e+00
3.895340164450758813e+00
3.892997389872753455e+00
3.890654615294748098e+00
3.888311840716742296e+00
3.885969066138736938e+00
3.884157638949174540e+00
3.891948909985327276e+00
3.910979456539630750e+00
3.930010003093934223e+00
3.949040549648237697e+00
3.968071096202541170e+00
3.987101642756844644e+00
4.006132189311148117e+00
4.025162735865452035e+00
4.044193282419755064e+00
4.063223828974058982e+00
4.082254375528362011e+00
4.101284922082665929e+00
4.120315468636968959e+00
4.139294769214648895e+00
4.168018092149151421e+00
4.196741415083653948e+00
4.225464738018157362e+00
4.254188060952659889e+00
4.282911383887162415e+00
4.311634706821664942e+00
4.329763365699601962e+00
4.340500354083120627e+00
4.351237342466639291e+00
4.361974330850157955e+00
4.372711319233676619e+00
4.383448307617195283e+00
4.394185296000713947e+00
4.404922284384232611e+00
4.406423472436129529e+00
4.397226165073953474e+00
4.393735102470762044e+00
4.376996426753942515e+00
4.360257751037122986e+00
4.343519075320303457e+00
4.326780399603484817e+00
4.310041723886665288e+00
4.293303048169845759e+00
4.276564372453026230e+00
4.272113327029696705e+00
4.266973046833854255e+00
4.261832766638010916e+00
4.256692486442168466e+00
4.251552206246325127e+00
4.246411926050482677e+00
4.241271645854640227e+00
4.236131365658796888e+00
4.230991085462954437e+00
4.225850805267111099e+00
4.220710525071268648e+00
4.218906077660613541e+00
4.221492703547933267e+00
4.224079329435252994e+00
4.226665955322572721e+00
4.229252581209892448e+00
4.230172112720351763e+00
4.241209458494903828e+00
4.252246804269455005e+00
4.263284150044007070e+00
4.274321495818559136e+00
4.285358841593110313e+00
4.296396187367662378e+00
4.307433533142213555e+00
4.318470878916765621e+00
4.329508224691317686e+00
4.340545570465868863e+00
4.346385732001381008e+00
4.365457640625377778e+00
4.384529549249374547e+00
4.403601457873371317e+00
4.422673366497368086e+00
4.425496670034114288e+00
4.421130015115080525e+00
4.416763360196045873e+00
4.412396705277012110e+00
4.408030050357977458e+00
4.406970411874677751e+00
4.399098162058454164e+00
4.391225912242230578e+00
4.390434469867354750e+00
4.363860109678301846e+00
4.337285749489249831e+00
4.310711389300196927e+00
4.284137029111144912e+00
4.257562668922092008e+00
4.230988308733039105e+00
4.204413948543987090e+00
4.194158158858211749e+00
4.168779997913077295e+00
4.143401836967942842e+00
4.118023676022807500e+00
4.092645515077673046e+00
4.067267354132538593e+00
4.041889193187404139e+00
4.016511032242269685e+00
3.991132871297134788e+00
3.965754710352000334e+00
3.957866859556296024e+00
3.924812597781643930e+00
3.891758336006991836e+00
3.858704074232339742e+00
3.825649812457687204e+00
3.792595550683035110e+00
3.792562323991343298e+00
3.764635899630763394e+00
3.736709475270183489e+00
3.708783050909603585e+00
3.690261380791576507e+00
3.662009120491343861e+00
3.633756860191111215e+00
3.605504599890878570e+00
3.604104191160720561e+00
3.578619393614203670e+00
3.553134596067687223e+00
3.539043797084577836e+00
3.515624159090305234e+00
3.492204521096033076e+00
3.468784883101760474e+00
3.445365245107487873e+00
3.432805182412507428e+00
3.423111742695663651e+00
3.413418302978819874e+00
3.403724863261975653e+00
3.394031423545131876e+00
3.389411836575706438e+00
3.343583177588615118e+00
3.297754518601523799e+00
3.251925859614432479e+00
3.206097200627340715e+00
3.160268541640249396e+00
3.152054615158359940e+00
3.101641890202392116e+00
3.059667685373197443e+00
