9.946924660886085068e-01;-8.334368133205743989e-02;-6.033845116161708211e-02
9.946924660886085068e-01;-8.334368133205743989e-02;-6.033845116161708211e-02
9.946924660886085068e-01;-8.334368133205743989e-02;-6.033845116161708211e-02
9.946924660886085068e-01;-8.334368133205743989e-02;-6.033845116161708211e-02
9.946924660886085068e-01;-8.334368133205743989e-02;-6.033845116161707517e-02
9.946926631705029775e-01;-8.334362608848643050e-02;-6.033527844631948051e-02
9.946924660886085068e-01;-8.334368133205743989e-02;-6.033845116161708211e-02
9.946924660886085068e-01;-8.334368133205743989e-02;-6.033845116161707517e-02
9.946929399623279933e-01;-8.334354861654658109e-02;-6.033082208210158170e-02
9.947273419758979607e-01;-8.333919380683282863e-02;-5.976699675566939096e-02
9.947270692113853174e-01;-8.333918493502788516e-02;-5.977154868742409061e-02
9.947275321330779629e-01;-8.333919984418240723e-02;-5.976382338645961495e-02
9.947296109358256810e-01;-8.333926681677568393e-02;-5.972911964781772720e-02
9.947273420436509861e-01;-8.333919299636040334e-02;-5.976699675814961532e-02
9.947228381544259701e-01;-8.333904826156715573e-02;-5.984211133357330431e-02
9.961100037925884054e-01;-8.534747776605890179e-02;-2.192415068598598318e-02
9.961095305869044347e-01;-8.534371290539985444e-02;-2.196027644310727042e-02
9.961100037925882944e-01;-8.534747776605890179e-02;-2.192415068598598665e-02
9.961100255501601497e-01;-8.534765112477674109e-02;-2.192248722072042896e-02
9.961099614401636160e-01;-8.534714021886191659e-02;-2.192738872136410985e-02
9.961095306499692104e-01;-8.534371218833998463e-02;-2.196027636920869913e-02
9.961100038556531810e-01;-8.534747704899985077e-02;-2.192415061207941482e-02
9.961100256132250363e-01;-8.534765040771710720e-02;-2.192248714681946722e-02
9.961095087909990209e-01;-8.534353853096561526e-02;-2.196194270023610340e-02
9.961100256132249253e-01;-8.534765040771709332e-02;-2.192248714681946029e-02
9.961100038556531810e-01;-8.534747704899983689e-02;-2.192415061207941135e-02
9.961100256132249253e-01;-8.534765040771709332e-02;-2.192248714681946029e-02
9.961094663794414217e-01;-8.534320028257175172e-02;-2.196518050900648361e-02
9.961100150144776011e-01;-8.534756554674559348e-02;-2.192329909254404560e-02
9.959370461546500630e-01;-8.287026343052353305e-02;-3.524087875899790251e-02
9.897236225050538572e-01;-1.162347255195797652e-01;8.328649133480037214e-02
9.897288812798010760e-01;-1.162217327069710038e-01;8.324211918988405623e-02
9.896744442281913967e-01;-1.163541552175378774e-01;8.370307643828595046e-02
9.896744442281913967e-01;-1.163541552175378774e-01;8.370307643828593658e-02
9.896689743314761589e-01;-1.163672457190054327e-01;8.374953951787723894e-02
9.896744442281913967e-01;-1.163541552175379051e-01;8.370307643828593658e-02
9.896744442281913967e-01;-1.163541552175379051e-01;8.370307643828593658e-02
9.896744442281913967e-01;-1.163541552175379051e-01;8.370307643828593658e-02
9.896701937230212298e-01;-1.163643282036578575e-01;8.373918305040363441e-02
9.896744442281913967e-01;-1.163541552175379051e-01;8.370307643828593658e-02
9.896677474389229401e-01;-1.163701791456690227e-01;8.375996110775812964e-02
9.949654896729442921e-01;-9.614197283283877626e-02;-2.829126048248697609e-02
9.949663335894350924e-01;-9.614543344618667331e-02;-2.824979028314690208e-02
9.949654896729442921e-01;-9.614197283283877626e-02;-2.829126048248697956e-02
9.949655641037700171e-01;-9.614227776138138670e-02;-2.828760637664659572e-02
9.949663029696718120e-01;-9.614530759799280735e-02;-2.825129699236294742e-02
9.949655641037701281e-01;-9.614227776138140058e-02;-2.828760637664659572e-02
9.949662592959634955e-01;-9.614512850716420977e-02;-2.825344451457901043e-02
9.949655641037700171e-01;-9.614227776138138670e-02;-2.828760637664659572e-02
9.949656368255938022e-01;-9.614257577046232683e-02;-2.828403543453003252e-02
9.947996924543899278e-01;-9.566907632309386289e-02;-3.494280652920444402e-02
9.947989841686190049e-01;-9.566766484058819575e-02;-3.496682715135478875e-02
9.930789336738825579e-01;-9.931749060402052243e-02;6.269184598705468403e-02
9.930786889849754218e-01;-9.931755094520115790e-02;6.269562630782285484e-02
9.930816880337443031e-01;-9.931681115034642071e-02;6.264927705070152952e-02
9.930786889849753107e-01;-9.931755094520114402e-02;6.269562630782285484e-02
9.930789336738826689e-01;-9.931749060402052243e-02;6.269184598705469791e-02
9.930786889849753107e-01;-9.931755094520113014e-02;6.269562630782285484e-02
9.930789336738826689e-01;-9.931749060402050855e-02;6.269184598705471179e-02
9.930811349954195011e-01;-9.931694758969826509e-02;6.265782662744094622e-02
9.930792425397020340e-01;-9.931741441406093107e-02;6.268707387394441277e-02
9.930786889872514900e-01;-9.931755092211617952e-02;6.269562630833822037e-02
9.930789336761587371e-01;-9.931749058093557181e-02;6.269184598757095161e-02
9.930786889872513790e-01;-9.931755092211616565e-02;6.269562630833820649e-02
9.930789336761588482e-01;-9.931749058093558569e-02;6.269184598757095161e-02
9.930812773000029514e-01;-9.931691252171638562e-02;6.265562674930674758e-02
9.873425884214855897e-01;-9.787983248811302217e-02;-1.247964401786361144e-01
9.873418622627911923e-01;-9.787983635183783448e-02;-1.248021821090512795e-01
9.873425884214855897e-01;-9.787983248811302217e-02;-1.247964401786361283e-01
9.873430568599154133e-01;-9.787982999566166575e-02;-1.247927359686381021e-01
9.873413937534131213e-01;-9.787983884465294160e-02;-1.248058865951940655e-01
9.873473129954902783e-01;-9.787980824495254306e-02;-1.247590744535915230e-01
9.873418621750421620e-01;-9.787983725193258322e-02;-1.248021820973305857e-01
9.873425883337321185e-01;-9.787983338820779866e-02;-1.247964401669503648e-01
9.873430567721662721e-01;-9.787983089575641449e-02;-1.247927359569183103e-01
9.873413936656597611e-01;-9.787983974474770421e-02;-1.248058865835074416e-01
9.873425883160177330e-01;-9.787983356990544170e-02;-1.247964401645914323e-01
9.873430567544526637e-01;-9.787983107745404365e-02;-1.247927359545524806e-01
9.873413936479453756e-01;-9.787983992644536113e-02;-1.248058865811483009e-01
9.873430567544527747e-01;-9.787983107745405753e-02;-1.247927359545524945e-01
9.873419910158913737e-01;-9.787983674799669020e-02;-1.248011631955454476e-01
9.873419910158913737e-01;-9.787983674799669020e-02;-1.248011631955454476e-01
9.873424594897991513e-01;-9.787983425535656812e-02;-1.247974588474392715e-01
9.873473129777277091e-01;-9.787980842714351370e-02;-1.247590744512268313e-01
9.873424594897992623e-01;-9.787983425535658200e-02;-1.247974588474392854e-01
9.873419910158913737e-01;-9.787983674799670408e-02;-1.248011631955454337e-01
9.873412664462861699e-01;-9.787984054039401693e-02;-1.248068923899270238e-01
9.943518278912562014e-01;-9.414259836137307824e-02;-4.900626024383882701e-02
9.943517191355351059e-01;-9.414278014388655080e-02;-4.900811768458145784e-02
9.943516189749841416e-01;-9.414294752694556123e-02;-4.900982832827281699e-02
9.943517191355351059e-01;-9.414278014388655080e-02;-4.900811768458147172e-02
9.943496206078723532e-01;-9.414628663162666333e-02;-4.904394672593093141e-02
9.943517191355351059e-01;-9.414278014388655080e-02;-4.900811768458147172e-02
9.943518278912562014e-01;-9.414259836137307824e-02;-4.900626024383882007e-02
9.943516189787416915e-01;-9.414294748500789956e-02;-4.900982833259545646e-02
9.943517191392925447e-01;-9.414278010194904178e-02;-4.900811768890585285e-02
9.943510888540042503e-01;-9.414383355592205460e-02;-4.901888103834164956e-02
9.956885838116399379e-01;-9.142627183559400017e-02;-1.566782963320305019e-02
9.956894060603687091e-01;-9.142380291606232168e-02;-1.562993664463957835e-02
9.956878566231274208e-01;-9.142845100938104541e-02;-1.570129036951504672e-02
9.955479948236000132e-01;-9.083092587573636523e-02;-2.517802429234322625e-02
9.955483126592701293e-01;-9.083897205122422325e-02;-2.513639429108735154e-02
9.955479948236001242e-01;-9.083092587573635135e-02;-2.517802429234322625e-02
9.955483054773690554e-01;-9.083879023801694208e-02;-2.513733576242221934e-02
9.955480020287152954e-01;-9.083110827663674891e-02;-2.517708136125280938e-02
9.955483054773690554e-01;-9.083879023801691432e-02;-2.513733576242220893e-02
9.955479948236000132e-01;-9.083092587573632359e-02;-2.517802429234321931e-02
9.955480020411752173e-01;-9.083110814698938662e-02;-2.517708133628812975e-02
9.955483054898289774e-01;-9.083879010836888590e-02;-2.513733573746098141e-02
9.955479948360600462e-01;-9.083092574608912784e-02;-2.517802426737759600e-02
9.955482418129221189e-01;-9.083717481516159764e-02;-2.514569336485667286e-02
9.622426797975899282e-01;-3.630466869455365592e-02;-2.697609983057809857e-01
9.622359743061232873e-01;-3.629837886394184782e-02;-2.697857621206045109e-01
9.622426797975899282e-01;-3.630466869455362122e-02;-2.697609983057809857e-01
9.622359743061232873e-01;-3.629837886394181312e-02;-2.697857621206045109e-01
9.622426797975899282e-01;-3.630466869455358653e-02;-2.697609983057809857e-01
9.622333616359929342e-01;-3.629592814835023995e-02;-2.697954101806524507e-01
9.622449402019098708e-01;-3.630678985058780062e-02;-2.697526497859997208e-01
9.622333616359929342e-01;-3.629592814835022607e-02;-2.697954101806525062e-01
9.622426797975899282e-01;-3.630466869455357959e-02;-2.697609983057809857e-01
9.622359743061232873e-01;-3.629837886394178537e-02;-2.697857621206044554e-01
9.622426797975899282e-01;-3.630466869455354489e-02;-2.697609983057809857e-01
9.622359743061232873e-01;-3.629837886394175067e-02;-2.697857621206044554e-01
9.622426797975899282e-01;-3.630466869455353796e-02;-2.697609983057808747e-01
9.622385490300869870e-01;-3.630079382623831175e-02;-2.697762538253836717e-01
9.878499072743908149e-01;-5.277310220165281479e-02;-1.461764700011304041e-01
9.878564879206708227e-01;-5.277394582998319594e-02;-1.461316868942922897e-01
9.878499072743909259e-01;-5.277310220165281479e-02;-1.461764700011304041e-01
9.878556777180598214e-01;-5.277384196329155258e-02;-1.461372013028381101e-01
9.878507179074107469e-01;-5.277320612351867751e-02;-1.461709541778321575e-01
9.878553850815867676e-01;-5.277380506018802819e-02;-1.461391927744891128e-01
9.878510105245836836e-01;-5.277324424896941146e-02;-1.461689628375245353e-01
9.878499072399208325e-01;-5.277310282819586834e-02;-1.461764700078796164e-01
9.878559041397600993e-01;-5.277387195777470674e-02;-1.461356599013453605e-01
9.900113380582986622e-01;-5.269466410440524357e-02;-1.307701146705203266e-01
9.900156775787010144e-01;-5.269371880043337286e-02;-1.307376386025321524e-01
9.900113380582987732e-01;-5.269466410440524357e-02;-1.307701146705202988e-01
9.900163377379421759e-01;-5.269357499395665306e-02;-1.307326973878730758e-01
9.900106775244486013e-01;-5.269480799248454916e-02;-1.307750572479995099e-01
9.900113380572823640e-01;-5.269466412535050298e-02;-1.307701146697748396e-01
9.900166374130521252e-01;-5.269351089035862606e-02;-1.307304538177732345e-01
9.860159157485327563e-01;-5.315665024355919338e-02;-1.579461440664714500e-01
9.860218739950962208e-01;-5.315646658177462097e-02;-1.579090056448314849e-01
9.860159157485326453e-01;-5.315665024355917950e-02;-1.579461440664714500e-01
9.860159157485326453e-01;-5.315665024355917950e-02;-1.579461440664714500e-01
9.860159157485326453e-01;-5.315665024355917950e-02;-1.579461440664714222e-01
9.860218739950961098e-01;-5.315646658177460709e-02;-1.579090056448314572e-01
9.860157294469175104e-01;-5.315665537085969422e-02;-1.579473053681100247e-01
9.964047548874559457e-01;-4.798060804999552259e-02;-6.982424857326829937e-02
9.964044187083098691e-01;-4.798110837576528842e-02;-6.982870196121615525e-02
9.964047548874559457e-01;-4.798060804999550871e-02;-6.982424857326829937e-02
9.964045556316070140e-01;-4.798090464755953855e-02;-6.982688812901240161e-02
9.964074605699523302e-01;-4.797658020861551853e-02;-6.978839639958296648e-02
9.964045556316070140e-01;-4.798090464755953855e-02;-6.982688812901240161e-02
9.964047548874560567e-01;-4.798060804999550177e-02;-6.982424857326829937e-02
9.964045556316071250e-01;-4.798090464755953161e-02;-6.982688812901240161e-02
9.964046179710271955e-01;-4.798081186959003708e-02;-6.982606231448613976e-02
9.964045556316070140e-01;-4.798090464755952467e-02;-6.982688812901240161e-02
9.964047548874560567e-01;-4.798060804999548790e-02;-6.982424857326831324e-02
9.964070975025349775e-01;-4.797712087699407962e-02;-6.979320825788314087e-02
9.985616563846350102e-01;-4.189516754730419901e-02;-3.345763492175887061e-02
9.985600096245152990e-01;-4.190374151305554379e-02;-3.349602403114351062e-02
9.985617232253605202e-01;-4.189481875527249072e-02;-3.345607673743795918e-02
9.985609722921637843e-01;-4.189872985445081827e-02;-3.347358737142551444e-02
9.994383327567321063e-01;-3.203920675913731614e-02;9.823861088642209596e-03
9.994383347287766339e-01;-3.203939835458229080e-02;9.823035561688271342e-03
9.994383327567322173e-01;-3.203920675913730920e-02;9.823861088642209596e-03
9.994383318846844499e-01;-3.203912202755079125e-02;9.824226140679823832e-03
9.994383356007338071e-01;-3.203948306306729499e-02;9.822670547594829216e-03
9.994383318846844499e-01;-3.203912202755078431e-02;9.824226140679820363e-03
9.994383327567322173e-01;-3.203920675913730920e-02;9.823861088642211331e-03
9.994383356006771857e-01;-3.203948306471565699e-02;9.822670547977221250e-03
9.994383318846278286e-01;-3.203912202919913244e-02;9.824226141062288725e-03
9.994383559579844700e-01;-3.204146621927539407e-02;9.814126681498371030e-03
9.994434688106601516e-01;-3.235107632701487990e-02;8.133911248519672468e-03
9.994436032054029306e-01;-3.235609255795193762e-02;8.097362915313693205e-03
9.994434676776852156e-01;-3.235103403968490193e-02;8.134218645148046448e-03
9.993691454830008203e-01;-3.172745314383626503e-02;1.595868959478571186e-02
9.988400568859308049e-01;-2.717339094467679378e-02;-3.975107023311778148e-02
9.988413188399857257e-01;-2.718023660355098695e-02;-3.971466374241343356e-02
9.988400568859308049e-01;-2.717339094467678684e-02;-3.975107023311778148e-02
9.988413188399857257e-01;-2.718023660355098001e-02;-3.971466374241343356e-02
9.988400568859308049e-01;-2.717339094467677990e-02;-3.975107023311778148e-02
9.988413188399857257e-01;-2.718023660355097307e-02;-3.971466374241343356e-02
9.988400568859308049e-01;-2.717339094467677296e-02;-3.975107023311778148e-02
9.988413188399857257e-01;-2.718023660355096613e-02;-3.971466374241343356e-02
9.988400568859308049e-01;-2.717339094467676602e-02;-3.975107023311778148e-02
9.988413188399857257e-01;-2.718023660355096266e-02;-3.971466374241342662e-02
9.988400568859308049e-01;-2.717339094467676255e-02;-3.975107023311778148e-02
9.956463849874936933e-01;-2.171164292400468848e-02;-9.064701110834326447e-02
9.856255312647946853e-01;-2.246367030080938243e-02;-1.674446046775112384e-01
9.856256755201052711e-01;-2.246363004465371654e-02;-1.674437609490221912e-01
9.856255312647945743e-01;-2.246367030080938243e-02;-1.674446046775112107e-01
9.856320042562016770e-01;-2.246186373108079518e-02;-1.674067407950745601e-01
9.856255312647946853e-01;-2.246367030080938243e-02;-1.674446046775112662e-01
9.856255312647946853e-01;-2.246367030080938243e-02;-1.674446046775112384e-01
9.856256755201052711e-01;-2.246363004465371654e-02;-1.674437609490221912e-01
9.856255312647945743e-01;-2.246367030080938590e-02;-1.674446046775112384e-01
9.856255312647945743e-01;-2.246367030080938590e-02;-1.674446046775112107e-01
9.856246001859549910e-01;-2.246393012940658962e-02;-1.674500503177524524e-01
9.856255312647945743e-01;-2.246367030080938590e-02;-1.674446046775112107e-01
9.856320042562016770e-01;-2.246186373108079865e-02;-1.674067407950745878e-01
9.856255312647945743e-01;-2.246367030080938243e-02;-1.674446046775112384e-01
9.856249243355426071e-01;-2.246383962656734595e-02;-1.674481544771030950e-01
9.867011854099199120e-01;-2.209560250341451731e-02;-1.610358812832404229e-01
9.867081476913571736e-01;-2.209276468371808994e-02;-1.609936055504094798e-01
9.867011854099199120e-01;-2.209560250341451731e-02;-1.610358812832404229e-01
9.867082843295217343e-01;-2.209270815506796451e-02;-1.609927758685678056e-01
9.867011854099199120e-01;-2.209560250341451731e-02;-1.610358812832404229e-01
9.867071519935096680e-01;-2.209317052927938646e-02;-1.609996522382000361e-01
9.867021815472607482e-01;-2.209519647871877393e-02;-1.610298333304837348e-01
9.867072886418264410e-01;-2.209311423077024369e-02;-1.609988224947048741e-01
9.867021815472607482e-01;-2.209519647871877393e-02;-1.610298333304837626e-01
9.867071519935096680e-01;-2.209317052927938299e-02;-1.609996522382000084e-01
9.839285526429252249e-01;-2.328909136516885137e-02;-1.770373449794797327e-01
9.834166315976583528e-01;-2.340213201721456568e-02;-1.798445687647100832e-01
9.834100441563305983e-01;-2.340208242455663751e-02;-1.798805925903019243e-01
9.834173508020177534e-01;-2.340213714793058092e-02;-1.798406353370974320e-01
9.898472906053379372e-01;-2.146736072286090785e-02;-1.405044259262545336e-01
9.898418138540728828e-01;-2.147114801814090090e-02;-1.405424254410821416e-01
9.898472906053379372e-01;-2.146736072286090785e-02;-1.405044259262545336e-01
9.898418138540728828e-01;-2.147114801814090437e-02;-1.405424254410821694e-01
9.898472906053378262e-01;-2.146736072286090438e-02;-1.405044259262545059e-01
9.898471743640142595e-01;-2.146744111712218378e-02;-1.405052325554448367e-01
9.898419301454536301e-01;-2.147106761086452556e-02;-1.405416186813451263e-01
9.898471743640142595e-01;-2.146744111712218031e-02;-1.405052325554448367e-01
9.898419301454536301e-01;-2.147106761086452209e-02;-1.405416186813451263e-01
9.898471743640143705e-01;-2.146744111712218031e-02;-1.405052325554448645e-01
9.898472906053379372e-01;-2.146736072286089744e-02;-1.405044259262545336e-01
9.898418138540728828e-01;-2.147114801814089743e-02;-1.405424254410821971e-01
9.921148337695376851e-01;-1.999221477163041355e-02;-1.237273937451521533e-01
9.925180116565882615e-01;-1.976306286302715806e-02;-1.204882479062779205e-01
9.998931620042526003e-01;-7.122651104672640156e-03;1.276449835984330358e-02
9.998931652069610321e-01;-7.122684660555437391e-03;1.276422875192868150e-02
9.998927116708842266e-01;-7.117940482675198972e-03;1.280234629789621728e-02
9.998931562573782905e-01;-7.122591762521858320e-03;1.276498163894412667e-02
9.998931677181789324e-01;-7.122711837918137973e-03;1.276401686694777007e-02
9.997073468560149223e-01;-5.944661010937809208e-03;2.344955538112707821e-02
9.997073672272850375e-01;-5.944746556623632487e-03;2.344866520439069582e-02
9.997073468560149223e-01;-5.944661010937810075e-03;2.344955538112707821e-02
9.997073672272850375e-01;-5.944746556623632487e-03;2.344866520439070276e-02
9.997193076593110517e-01;-5.995678865436213090e-03;2.292068341324844660e-02
9.961302000604819185e-01;1.610298109937766814e-03;8.787509014198231772e-02
9.961301946990516187e-01;1.610306446165106530e-03;8.787515076504275047e-02
9.961302000604819185e-01;1.610298109937766380e-03;8.787509014198228996e-02
9.961335105720323657e-01;1.605149631317081020e-03;8.783764916082266450e-02
9.961302000604819185e-01;1.610298109937772018e-03;8.787509014198231772e-02
9.961301946990516187e-01;1.610306446165108048e-03;8.787515076504272271e-02
9.961299074685887600e-01;1.610753046852986042e-03;8.787839849043013740e-02
9.961316470950033475e-01;1.608047968425118778e-03;8.785872658721606554e-02
9.967544648671652352e-01;7.390099637285714451e-04;8.049838900030482913e-02
9.968843576604931034e-01;5.669677777050024289e-04;7.887493898169016526e-02
9.498075668739243138e-01;1.045269364663992118e-02;3.126600823651227712e-01
9.498114152749563832e-01;1.045306438142886568e-02;3.126483789473760155e-01
9.498075668739243138e-01;1.045269364663991424e-02;3.126600823651227157e-01
9.498076913764065266e-01;1.045270564055649463e-02;3.126597037467617191e-01
9.497962531924430962e-01;1.045160381317620200e-02;3.126944857194141059e-01
9.498112907598931232e-01;1.045305328366783089e-02;3.126487575892069604e-01
9.498076913590892678e-01;1.045270653626402708e-02;3.126597037694235359e-01
9.498075668565965080e-01;1.045269454234642147e-02;3.126600823878170621e-01
9.498112907555005258e-01;1.045305351073191891e-02;3.126487575949598585e-01
9.498049078346002538e-01;1.045243857390958271e-02;3.126681684808439443e-01
9.845115185093790133e-01;4.636815557992715262e-03;1.752585800006317696e-01
9.845406350091506775e-01;4.618192321966233319e-03;1.750954320233843176e-01
9.969075205626701797e-01;-6.359612190772100321e-04;7.858111095496962684e-02
9.987787516220343331e-01;4.773238580308691685e-03;-4.917541562392896415e-02
9.925703130116793060e-01;1.334045080832616491e-02;-1.209388527319803508e-01
9.925703130116793060e-01;1.334045080832616491e-02;-1.209388527319803508e-01
9.925702511613776480e-01;1.334053002369215389e-02;-1.209393516111559319e-01
9.925703130116793060e-01;1.334045080832616664e-02;-1.209388527319803647e-01
9.925657105110068379e-01;1.334634530236389165e-02;-1.209759702786065705e-01
9.925703130116793060e-01;1.334045080832616144e-02;-1.209388527319803508e-01
9.925703130116793060e-01;1.334045080832616144e-02;-1.209388527319803508e-01
9.925703130116793060e-01;1.334045080832616144e-02;-1.209388527319803508e-01
9.925708118419235282e-01;1.333981192671422275e-02;-1.209348291321597907e-01
9.925693526979395553e-01;1.334168091336609963e-02;-1.209465982787406441e-01
9.882570207900774895e-01;1.658139752560701743e-02;-1.518983808841238847e-01
9.882626746890940117e-01;1.657953740202340598e-02;-1.518617949185799287e-01
9.882579046924571120e-01;1.658110672315373998e-02;-1.518926618132353523e-01
9.882569242968246570e-01;1.658142923139198019e-02;-1.518990052107799527e-01
9.882570207903966786e-01;1.658139748913294020e-02;-1.518983808860283613e-01
9.882626746894134229e-01;1.657953736554925589e-02;-1.518617949204830175e-01
9.882570207903967896e-01;1.658139748913294020e-02;-1.518983808860283891e-01
9.853599374254137233e-01;1.745107361549044778e-02;-1.695914318196874437e-01
9.907294565424989985e-01;1.666202919007381267e-02;-1.348240361444275059e-01
9.907242751719219642e-01;1.666195662596661395e-02;-1.348621139774414945e-01
9.907294565424989985e-01;1.666202919007381614e-02;-1.348240361444275337e-01
9.907293708552540323e-01;1.666202798987046971e-02;-1.348246659481024678e-01
9.907243608821646452e-01;1.666195782614876206e-02;-1.348614841829425537e-01
9.907293708552541434e-01;1.666202798987046624e-02;-1.348246659481024678e-01
9.907294565424989985e-01;1.666202919007380920e-02;-1.348240361444275059e-01
9.907242751719219642e-01;1.666195662596661048e-02;-1.348621139774414945e-01
9.907294565424989985e-01;1.666202919007381267e-02;-1.348240361444275059e-01
9.907361827955295519e-01;1.666212253093617840e-02;-1.347745887491671180e-01
9.807981965920957723e-01;1.719959741308615259e-02;-1.942654663354258515e-01
9.808306716229560074e-01;1.719632132397047250e-02;-1.941017262586400560e-01
9.841747321284485261e-01;1.758045400487556406e-02;-1.763264707208737625e-01
9.841811820104972020e-01;1.758274040402061159e-02;-1.762902385735108657e-01
9.841747321284485261e-01;1.758045400487556059e-02;-1.763264707208737625e-01
9.841811820104972020e-01;1.758274040402060812e-02;-1.762902385735108657e-01
9.841747321284485261e-01;1.758045400487555712e-02;-1.763264707208737625e-01
9.841811820104972020e-01;1.758274040402060465e-02;-1.762902385735108657e-01
9.841747321284485261e-01;1.758045400487555365e-02;-1.763264707208737625e-01
9.841811820104972020e-01;1.758274040402060118e-02;-1.762902385735108657e-01
9.841747321284485261e-01;1.758045400487555018e-02;-1.763264707208737625e-01
9.841811820104972020e-01;1.758274040402059771e-02;-1.762902385735108657e-01
9.841747321284485261e-01;1.758045400487554324e-02;-1.763264707208737903e-01
9.841803915269689007e-01;1.758245984428017869e-02;-1.762946795556991908e-01
9.891539123584077720e-01;1.982932553833642239e-02;-1.455380895667866825e-01
9.891495405984073175e-01;1.982683260579184287e-02;-1.455681388312072000e-01
9.753726762340995116e-01;1.251719967244930773e-02;-2.202077704539296132e-01
9.753746075519978964e-01;1.251817379763791628e-02;-2.201991604606116093e-01
9.753807703906571813e-01;1.252128250530974533e-02;-2.201716835484307799e-01
9.753726762626198088e-01;1.251719889174162867e-02;-2.202077703719816371e-01
9.753745036923868739e-01;1.251812077766830712e-02;-2.201996235215352427e-01
9.753727801392886310e-01;1.251725144565551950e-02;-2.202073072802103459e-01
9.753806267087177240e-01;1.252120955599967875e-02;-2.201723242202886510e-01
9.838982813012525641e-01;1.877679871322330413e-02;-1.777402708519497387e-01
9.838982813012525641e-01;1.877679871322330413e-02;-1.777402708519497387e-01
9.838971168239786236e-01;1.877560449030592563e-02;-1.777468429578594744e-01
9.838982813012526751e-01;1.877679871322330413e-02;-1.777402708519497387e-01
9.838918349308373168e-01;1.877018840956586054e-02;-1.777766497139016133e-01
9.838981582569463757e-01;1.877667324206063262e-02;-1.777409652290373177e-01
9.838982812663412680e-01;1.877679940729399394e-02;-1.777402709718817753e-01
9.839010748757318625e-01;1.877966423044594851e-02;-1.777245032902648736e-01
9.899204779933256093e-01;2.217350284015038100e-02;-1.398777431232853252e-01
9.899198497178141043e-01;2.217350463865059434e-02;-1.398821890974694115e-01
9.899216990072805533e-01;2.217349934366728836e-02;-1.398691022399000117e-01
9.774329786857864910e-01;2.040007734535715864e-02;-2.102584338896641980e-01
9.774406097416019623e-01;2.040190102773779129e-02;-2.102227791235283805e-01
9.774329786857866020e-01;2.040007734535715864e-02;-2.102584338896641980e-01
9.774389335449163996e-01;2.040150044748517688e-02;-2.102306114010703830e-01
9.774369477461143374e-01;2.040102589298154606e-02;-2.102398899430688861e-01
9.862365214579525974e-01;2.328770658445995095e-02;-1.636924141936747790e-01
9.862436121387927468e-01;2.329085074712046455e-02;-1.636492401048718903e-01
9.862370771946400438e-01;2.328795331318285131e-02;-1.636890307780481668e-01
9.947480276667520771e-01;3.574063906678787150e-02;-9.591125154122619179e-02
9.947480276667519661e-01;3.574063906678787150e-02;-9.591125154122615015e-02
9.947454396906550977e-01;3.573164119669631350e-02;-9.594144063977748382e-02
9.951210002837572732e-01;7.750579639967342116e-02;6.104953987301401513e-02
9.951207717764058991e-01;7.750646968429031336e-02;6.105240974939948190e-02
9.951210002837572732e-01;7.750579639967342116e-02;6.104953987301402901e-02
9.951210002837572732e-01;7.750579639967342116e-02;6.104953987301400820e-02
9.951209517691051998e-01;7.750593934548576092e-02;6.105014919166086573e-02
9.951210002837572732e-01;7.750579639967343504e-02;6.104953987301402207e-02
9.951196290848617343e-01;7.750983633060111455e-02;6.106675922309062060e-02
9.965174829722331928e-01;7.303825214762345308e-02;4.022834639784805127e-02
9.965154462739796992e-01;7.304550856489924748e-02;4.026560586736925573e-02
9.965174829722330818e-01;7.303825214762343920e-02;4.022834639784804434e-02
9.965100522268880434e-01;7.306469821259981012e-02;4.036416338618428745e-02
9.970572859483974870e-01;5.712665304431011060e-02;-5.112058341970179137e-02
9.970581032199298255e-01;5.712961570010152701e-02;-5.110132888129869516e-02
9.932055488444365698e-01;6.657317287772851477e-02;9.545025090388019329e-02
9.932078108705153507e-01;6.657375369787342512e-02;9.542630530610346495e-02
9.927767330424560610e-01;6.615073498538839858e-02;1.000921504936371637e-01
9.927895487104611005e-01;6.617317661306397480e-02;9.995010089147263188e-02
9.937470513606990741e-01;6.813678455662278144e-02;8.845437525753477304e-02
9.937506007946874664e-01;6.814531131455892066e-02;8.840791800534478218e-02
9.940571952004996215e-01;6.892634108799680637e-02;8.425824692181191344e-02
9.940570113522185780e-01;6.892584425632210243e-02;8.426082230223298775e-02
9.940571952004996215e-01;6.892634108799682024e-02;8.425824692181189957e-02
9.940569704421654551e-01;6.892573376228527948e-02;8.426139531644680214e-02
9.940571952004997325e-01;6.892634108799682024e-02;8.425824692181191344e-02
9.940596621529007582e-01;6.893300960025243451e-02;8.422367997132704232e-02
9.940571952004996215e-01;6.892634108799680637e-02;8.425824692181189957e-02
9.940571952004996215e-01;6.892634108799680637e-02;8.425824692181189957e-02
9.940571952004996215e-01;6.892634108799680637e-02;8.425824692181188569e-02
9.940501741936657032e-01;6.890737512204160586e-02;8.435653406425192014e-02
9.969745665429047277e-01;7.754696258915577678e-02;5.308696618136279910e-03
9.969745564147448613e-01;7.754687643950934628e-02;5.311856181998463391e-03
9.969745665429046166e-01;7.754696258915574902e-02;5.308696618136279910e-03
9.969745658939679345e-01;7.754695707336572985e-02;5.308899056841566780e-03
9.969745570640256016e-01;7.754688196629708208e-02;5.311653630958998971e-03
9.937244688725184183e-01;7.684790240599392863e-02;-8.127779438339829965e-02
9.786152278574543617e-01;1.417863698451839738e-01;1.490263773015619020e-01
9.786248896397585773e-01;1.417631957911657525e-01;1.489849713784784369e-01
9.786152278574542507e-01;1.417863698451839460e-01;1.490263773015618742e-01
9.786237557977383039e-01;1.417659153427931751e-01;1.489898313152571152e-01
9.786163622678661911e-01;1.417836489302413960e-01;1.490215165593027358e-01
9.786152278820843264e-01;1.417863694176501876e-01;1.490263775465876239e-01
9.786248896643873207e-01;1.417631953636347975e-01;1.489849716235092658e-01
9.786152278820842154e-01;1.417863694176501321e-01;1.490263775465875962e-01
9.786237558223651600e-01;1.417659149152667164e-01;1.489898315602959655e-01
9.786163622924979322e-01;1.417836485027030857e-01;1.490215168043204086e-01
9.786163071977019845e-01;1.417837806364755648e-01;1.490217528925253943e-01
9.786225209209387099e-01;1.417688769927438752e-01;1.489951242912438689e-01
9.618755926908340026e-01;1.748713777213112830e-01;2.102744526553511073e-01
9.618679166543858683e-01;1.748841355706099443e-01;2.102989539600040036e-01
9.618755926908340026e-01;1.748713777213113107e-01;2.102744526553511628e-01
9.618755926908340026e-01;1.748713777213112830e-01;2.102744526553511073e-01
9.618679166543858683e-01;1.748841355706099443e-01;2.102989539600040036e-01
9.618755926908340026e-01;1.748713777213113107e-01;2.102744526553511628e-01
9.618755926908340026e-01;1.748713777213112830e-01;2.102744526553511073e-01
9.618679166543858683e-01;1.748841355706099443e-01;2.102989539600040036e-01
9.618755926908340026e-01;1.748713777213113107e-01;2.102744526553511351e-01
9.618675548975159639e-01;1.748847373961687768e-01;2.103001080868654726e-01
9.618777400780579301e-01;1.748678085333629229e-01;2.102675977916409478e-01
9.618755926836276560e-01;1.748713778345923342e-01;2.102744525941067089e-01
9.618657686522769090e-01;1.748877057288358294e-01;2.103058094296697544e-01
9.499453496771016470e-01;1.924418391951378260e-01;2.461096730200622307e-01
9.761329404606092774e-01;1.660036094567594323e-01;1.400260125657095123e-01
9.761321272076951550e-01;1.660039473102628560e-01;1.400312811852831296e-01
9.761272708591394176e-01;1.660059645533862038e-01;1.400627388629397674e-01
9.761329404534822007e-01;1.660036095020462343e-01;1.400260125617054097e-01
9.761321272005678562e-01;1.660039473555496026e-01;1.400312811812788605e-01
9.761329404534820897e-01;1.660036095020462343e-01;1.400260125617053819e-01
9.761329404534820897e-01;1.660036095020462343e-01;1.400260125617054097e-01
9.761321272005679672e-01;1.660039473555496303e-01;1.400312811812788605e-01
9.761272708520123409e-01;1.660059645986729782e-01;1.400627388589354427e-01
9.761329404463549020e-01;1.660036095473330087e-01;1.400260125577012793e-01
9.761329404463549020e-01;1.660036095473330087e-01;1.400260125577013071e-01
9.761298605237587189e-01;1.660048887501458514e-01;1.400459649719311139e-01
9.852517803562469423e-01;1.685634294641265019e-01;2.941597443801776193e-02
9.852515914729395030e-01;1.685615622725281648e-01;2.943299550308430337e-02
9.842542189841041456e-01;1.737316251932315425e-01;-3.257230141868535517e-02
9.842539870767590404e-01;1.737319319723476807e-01;-3.257767236404107009e-02
9.842542189841041456e-01;1.737316251932315148e-01;-3.257230141868535517e-02
9.842539870767590404e-01;1.737319319723476529e-01;-3.257767236404107702e-02
9.842542189841041456e-01;1.737316251932314870e-01;-3.257230141868535517e-02
9.842539870767590404e-01;1.737319319723476252e-01;-3.257767236404107009e-02
9.842542189841042566e-01;1.737316251932314870e-01;-3.257230141868535517e-02
9.842547386018252187e-01;1.737309376195014798e-01;-3.256026495134325960e-02
9.821070019122299932e-01;1.752711063816461690e-01;-6.889031907840745261e-02
9.821078633928690405e-01;1.752707888617485721e-01;-6.887884460176479928e-02
9.847404299797014593e-01;1.721651074069358023e-01;-2.540593149150848287e-02
9.847387596877578142e-01;1.721692981436311887e-01;-2.544224725424044237e-02
9.847404299797013483e-01;1.721651074069357745e-01;-2.540593149150847940e-02
9.847404741954579599e-01;1.721649964239079234e-01;-2.540496974334792435e-02
9.847404299797013483e-01;1.721651074069358023e-01;-2.540593149150847593e-02
9.847390372959856641e-01;1.721686022108385727e-01;-2.543621115932063331e-02
9.847404520839981856e-01;1.721650519383682021e-01;-2.540545060537317476e-02
9.847404520839981856e-01;1.721650519383682021e-01;-2.540545060537317476e-02
9.847387375254251785e-01;1.721693537393192419e-01;-2.544272882017711498e-02
9.847404520839981856e-01;1.721650519383681466e-01;-2.540545060537318170e-02
9.847404520839981856e-01;1.721650519383681466e-01;-2.540545060537318517e-02
9.847394747214881505e-01;1.721675045850694086e-01;-2.542670427322170010e-02
9.833207071451713910e-01;1.750602288180271304e-01;-4.933865812626341690e-02
9.833202266890552767e-01;1.750610650307525551e-01;-4.934526618109941892e-02
9.833207748438385076e-01;1.750601109914775855e-01;-4.933772694566147810e-02
9.833175271245992999e-01;1.750657620057135822e-01;-4.938238373065659964e-02
9.833207071527819698e-01;1.750602287735349427e-01;-4.933865813244785875e-02
9.833202266966660776e-01;1.750610649862601453e-01;-4.934526618728220237e-02
9.833207071527819698e-01;1.750602287735349427e-01;-4.933865813244785875e-02
9.833200205115898429e-01;1.750614238602413997e-01;-4.934810165661456666e-02
9.845418677293966692e-01;1.727758289811063552e-01;-2.873714682780462160e-02
9.845404280971919997e-01;1.727788170444377880e-01;-2.876848662899528924e-02
9.845418677293966692e-01;1.727758289811063830e-01;-2.873714682780461466e-02
9.845402051664401410e-01;1.727792798941402974e-01;-2.877333574833499524e-02
9.751598097411837696e-01;1.795945528197591401e-01;-1.296500754454437687e-01
9.751598097411837696e-01;1.795945528197591401e-01;-1.296500754454437410e-01
9.751604173412971033e-01;1.795943812119748795e-01;-1.296457430378461229e-01
9.751598097411837696e-01;1.795945528197591678e-01;-1.296500754454437687e-01
9.751546466237004385e-01;1.795960101570293066e-01;-1.296868856279708437e-01
9.751598097411836585e-01;1.795945528197591401e-01;-1.296500754454437687e-01
9.751622716187791085e-01;1.795938576630967398e-01;-1.296325202292608614e-01
9.857123641745914044e-01;1.679745945273037333e-01;-1.247680675195633054e-02
9.857123641745914044e-01;1.679745945273037333e-01;-1.247680675195633228e-02
9.857108982612425851e-01;1.679804539048504186e-01;-1.251367871310315148e-02
9.857123641745914044e-01;1.679745945273036778e-01;-1.247680675195634095e-02
9.857123641745914044e-01;1.679745945273036778e-01;-1.247680675195634095e-02
9.857123641745914044e-01;1.679745945273036778e-01;-1.247680675195634269e-02
9.857112401929897239e-01;1.679790876311712811e-01;-1.250508199882515055e-02
9.735346182700769235e-01;1.771570128126572774e-01;-1.443805383042727486e-01
9.735350127287571986e-01;1.771570658623599359e-01;-1.443778134141743552e-01
9.735336502399863923e-01;1.771568824434305300e-01;-1.443872253813764939e-01
9.735346182793568337e-01;1.771570127613803503e-01;-1.443805383046178614e-01
9.735403315661779189e-01;1.771577812285110021e-01;-1.443410661045829713e-01
9.735346182793567227e-01;1.771570127613803503e-01;-1.443805383046178614e-01
9.735336502399863923e-01;1.771568824434305300e-01;-1.443872253813764939e-01
9.735346429300139048e-01;1.771570158796171301e-01;-1.443803682629997143e-01
9.802041400828024331e-01;1.791192717263605794e-01;-8.435715891821067569e-02
9.802051866423753257e-01;1.791198899395632094e-01;-8.434368445488317489e-02
9.603366706202953740e-01;1.347134353479189639e-01;-2.441429282176498516e-01
9.710835923810948733e-01;2.357921305033703896e-01;-3.739956952839576521e-02
9.710845761633786211e-01;2.357857653769914463e-01;-3.741415217772153107e-02
9.721632070876599085e-01;2.270358729450044355e-01;-5.790864513296434951e-02
9.721637698616206746e-01;2.270296771423665483e-01;-5.792348629938318810e-02
9.697281840743319226e-01;2.440538178420578741e-01;-8.061203918417060577e-03
9.697281840743319226e-01;2.440538178420578741e-01;-8.061203918417060577e-03
9.697281840743319226e-01;2.440538178420578741e-01;-8.061203918417062311e-03
9.697287164323208364e-01;2.440514058945727205e-01;-8.070180134674143080e-03
9.697275231970194920e-01;2.440568115349340816e-01;-8.050061960985852375e-03
9.705853017386963932e-01;2.233557475620307209e-01;-8.986869354680888933e-02
9.705839985401888415e-01;2.233475943210939396e-01;-8.990302491417469233e-02
9.705853017386963932e-01;2.233557475620306931e-01;-8.986869354680887545e-02
9.705849989326025273e-01;2.233538522567030393e-01;-8.987667399882406927e-02
9.705589732274312320e-01;2.231243347504747176e-01;-9.072381567081808096e-02
9.705599902679408197e-01;2.231376118626385296e-01;-9.068027052966438906e-02
9.705589732274312320e-01;2.231243347504747176e-01;-9.072381567081808096e-02
9.705599902679408197e-01;2.231376118626385296e-01;-9.068027052966438906e-02
9.705589732274312320e-01;2.231243347504747176e-01;-9.072381567081808096e-02
9.705596782080376794e-01;2.231335364166873447e-01;-9.069363794055895767e-02
9.709094119258115940e-01;2.312595992411101420e-01;-6.207988074018698510e-02
9.709093780213320368e-01;2.312524152591666771e-01;-6.210716630979116332e-02
9.709094105032678446e-01;2.312592978209337957e-01;-6.208102582565422356e-02
9.709094119035276416e-01;2.312595993284963514e-01;-6.207988076316925397e-02
9.709093673990938367e-01;2.312501686270349577e-01;-6.211569694255454632e-02
9.709094225043454207e-01;2.312618448184537989e-01;-6.207134945724917391e-02
9.709093659749051808e-01;2.312498668589838269e-01;-6.211684264279740408e-02
9.709077616285873846e-01;2.314484889247130361e-01;-6.139800797935639209e-02
9.710547496742434337e-01;2.385505786569727948e-01;-1.209522870871276509e-02
9.710548531206312228e-01;2.385506187511264031e-01;-1.208612941864864627e-02
9.710547496742434337e-01;2.385505786569727671e-01;-1.209522870871276509e-02
9.710551700614112880e-01;2.385507425726416109e-01;-1.205818871327288960e-02
9.710547496742433227e-01;2.385505786569726838e-01;-1.209522870871276336e-02
9.710548505009948261e-01;2.385506177357958613e-01;-1.208635993014317740e-02
9.710547496742434337e-01;2.385505786569726838e-01;-1.209522870871276683e-02
9.710547496742434337e-01;2.385505786569726838e-01;-1.209522870871276336e-02
9.710548531206312228e-01;2.385506187511262921e-01;-1.208612941864864454e-02
9.710551702349924375e-01;2.385507418661137191e-01;-1.205818871211299798e-02
9.710545776425031361e-01;2.385505112159168051e-01;-1.211036077764348143e-02
9.662374713450757602e-01;2.415506033022492838e-01;-8.965743144320670321e-02
9.601455407217506233e-01;2.452821551577036019e-01;-1.340044961683359848e-01
9.601378258024773071e-01;2.452862649052806321e-01;-1.340522424732545348e-01
9.601511514379191814e-01;2.452791644848515418e-01;-1.339697647308940864e-01
9.666229041408402889e-01;2.427417380048526308e-01;-8.195492554271205377e-02
9.666262640175211640e-01;2.427412820058799381e-01;-8.191663885726423178e-02
9.666229041408402889e-01;2.427417380048526863e-01;-8.195492554271205377e-02
9.666238504129323061e-01;2.427416093993761681e-01;-8.194414487367489286e-02
9.666261276421702631e-01;2.427412998393079224e-01;-8.191819524273083464e-02
9.666225268478347843e-01;2.427417881929609389e-01;-8.195922678497452596e-02
9.624713523542008931e-01;2.433046006581193188e-01;-1.202155031435993282e-01
9.624772505605062589e-01;2.433037996671374714e-01;-1.201698931555735816e-01
9.624713523542008931e-01;2.433046006581193188e-01;-1.202155031435993560e-01
9.624749390602838073e-01;2.433041142527544720e-01;-1.201877683817521719e-01
9.673842986719318748e-01;2.411185307651915743e-01;-7.764968000352703847e-02
9.673828788049809724e-01;2.411197227133927978e-01;-7.766366662477382221e-02
9.676318142267138489e-01;2.408103461286806302e-01;-7.549204788388999554e-02
9.676291813143819143e-01;2.408144764088515355e-01;-7.551261762639270569e-02
9.606777948407752010e-01;2.472996486036226349e-01;-1.262579039125483749e-01
9.606817139646416370e-01;2.472981452682060377e-01;-1.262310255082481625e-01
9.510728047449598099e-01;2.484546802328478909e-01;-1.836594455641987755e-01
9.510728047449598099e-01;2.484546802328478909e-01;-1.836594455641987755e-01
9.510812994601466341e-01;2.484553915441442273e-01;-1.836144880717337780e-01
9.510728047449596989e-01;2.484546802328478632e-01;-1.836594455641987755e-01
9.510600238879585167e-01;2.484536066702540402e-01;-1.837270701197259992e-01
9.630895879789365122e-01;2.592637826932985279e-01;-7.239293135468868878e-02
9.630898528273508230e-01;2.592655164694913084e-01;-7.238319798682556205e-02
9.630895509995067716e-01;2.592635406149927935e-01;-7.239429026757993046e-02
9.630898528273507120e-01;2.592655164694912528e-01;-7.238319798682554818e-02
9.630895879789364011e-01;2.592637826932983613e-01;-7.239293135468864715e-02
9.630898528273507120e-01;2.592655164694911418e-01;-7.238319798682553430e-02
9.630895879789365122e-01;2.592637826932983058e-01;-7.239293135468864715e-02
9.630901395116125974e-01;2.592673944071469117e-01;-7.237265625104294386e-02
9.641962854646167758e-01;2.617625880925138482e-01;-4.249553589901382961e-02
9.641975728529235123e-01;2.617623211371436498e-01;-4.246796130527306923e-02
9.641962854646166647e-01;2.617625880925137927e-01;-4.249553589901382961e-02
9.641958196012873072e-01;2.617626846553542941e-01;-4.250551005956079015e-02
9.641980005734896997e-01;2.617622324046759430e-01;-4.245879622181124996e-02
9.641963230897214743e-01;2.617625809370922041e-01;-4.249472627766689992e-02
9.641958194169092389e-01;2.617626853369739992e-01;-4.250551004436308594e-02
9.641980003891124085e-01;2.617622330862954816e-01;-4.245879620659460257e-02
9.641958572450721743e-01;2.617626774928618616e-01;-4.250470024842578631e-02
9.641962852811564177e-01;2.617625887707445975e-01;-4.249553588386584257e-02
9.641962852811564177e-01;2.617625887707445975e-01;-4.249553588386584257e-02
9.641975349065929901e-01;2.617623296459613003e-01;-4.246877038917790115e-02
9.642368153064480030e-01;2.617532174036170667e-01;-4.162471845590946795e-02
9.645993142023024935e-01;2.616833827467545115e-01;-3.271039948798308561e-02
9.646002278687821896e-01;2.616832853356253485e-01;-3.268422511621159321e-02
9.645993142023024935e-01;2.616833827467544560e-01;-3.271039948798307867e-02
9.645992924251738376e-01;2.616833850790972194e-01;-3.271102301058412265e-02
9.646005978424736504e-01;2.616832451874681054e-01;-3.267362590986694348e-02
9.645989441805484788e-01;2.616834214936786251e-01;-3.272099939080521519e-02
9.645993143923987656e-01;2.616833820448768999e-01;-3.271039949724782042e-02
9.646005763035996328e-01;2.616832468154636215e-01;-3.267424874240685423e-02
9.645989661544219773e-01;2.616834184825536647e-01;-3.272037568709996319e-02
9.646005763035996328e-01;2.616832468154637326e-01;-3.267424874240685423e-02
9.645993143923987656e-01;2.616833820448769554e-01;-3.271039949724781348e-02
9.645989441805484788e-01;2.616834214936787362e-01;-3.272099939080521519e-02
9.646001998540528755e-01;2.616832874462102776e-01;-3.268503499868700979e-02
9.653644570076843623e-01;2.600634907203996926e-01;2.093910075861166523e-02
9.644027179927050497e-01;2.617964260298584755e-01;-3.728309062129590151e-02
9.644045603330736460e-01;2.617962913115064461e-01;-3.723635138291430530e-02
9.644027179927050497e-01;2.617964260298584755e-01;-3.728309062129590845e-02
9.644031115263386189e-01;2.617963972672356920e-01;-3.727311170552027181e-02
9.644026899660911312e-01;2.617964280782683062e-01;-3.728380119606398979e-02
9.644045603333458727e-01;2.617962913105018052e-01;-3.723635138292794716e-02
9.644027179929772764e-01;2.617964260288538347e-01;-3.728309062130952256e-02
9.644031115266108456e-01;2.617963972662310512e-01;-3.727311170553392755e-02
9.644041671796516058e-01;2.617963200732003060e-01;-3.724633032465107796e-02
9.644031115266108456e-01;2.617963972662310512e-01;-3.727311170553392061e-02
9.644027179929772764e-01;2.617964260288538347e-01;-3.728309062130952256e-02
9.644031115266108456e-01;2.617963972662310512e-01;-3.727311170553392755e-02
9.650415032304981988e-01;2.615324456281816201e-01;-1.719525883383385412e-02
9.642452859726500236e-01;2.614901264593698094e-01;4.305742960030427974e-02
9.642471444734039832e-01;2.614893182325410126e-01;4.302070228584475853e-02
9.642452859726501346e-01;2.614901264593696983e-01;4.305742960030427974e-02
9.642471859139014612e-01;2.614893002108553688e-01;4.301988298867440857e-02
9.642452859726500236e-01;2.614901264593697539e-01;4.305742960030427974e-02
9.642471444734039832e-01;2.614893182325409571e-01;4.302070228584475159e-02
9.642464528990718486e-01;2.614896192237035066e-01;4.303437126066562285e-02
9.672683657557402670e-01;2.537390559338716933e-01;2.898292947098983670e-03
9.672648725815435888e-01;2.537519773756875541e-01;2.932617898566779787e-03
9.672674480178389267e-01;2.537424512144959565e-01;2.907310908138584487e-03
9.672683656042957434e-01;2.537390565138567533e-01;2.898292713355275687e-03
9.672648724300991763e-01;2.537519779556721700e-01;2.932617664821862702e-03
9.672683656042957434e-01;2.537390565138567533e-01;2.898292713355275253e-03
9.672648724300991763e-01;2.537519779556721700e-01;2.932617664821859666e-03
9.672763477635698548e-01;2.537095107483279266e-01;2.819789533564890250e-03
9.684411102284898876e-01;2.293823744827759026e-01;-9.749637068144453855e-02
9.684411330921868233e-01;2.293824109955727997e-01;-9.749605766891029923e-02
9.720998718824488405e-01;2.331038187501148218e-01;-2.616197183395261097e-02
9.721001361276613295e-01;2.331037141035833260e-01;-2.615308417180416123e-02
9.720998718824488405e-01;2.331038187501148218e-01;-2.616197183395260750e-02
9.720998718824488405e-01;2.331038187501148218e-01;-2.616197183395260750e-02
9.720987692091949128e-01;2.331042544439727859e-01;-2.619903551827901245e-02
9.721001362968688664e-01;2.331037133964452002e-01;-2.615308418517458405e-02
9.720998720516571545e-01;2.331038180429763351e-01;-2.616197184729606232e-02
9.721005830265715408e-01;2.331035366697888633e-01;-2.613805026080269836e-02
9.712939490687183541e-01;2.336665799617303474e-01;-4.458692534232733262e-02
9.712913250027092049e-01;2.336688183656129569e-01;-4.463233467005305044e-02
9.712939490687184652e-01;2.336665799617304307e-01;-4.458692534232733262e-02
9.712913250027093159e-01;2.336688183656130402e-01;-4.463233467005305044e-02
9.712939490687183541e-01;2.336665799617304584e-01;-4.458692534232733262e-02
9.712934601185865269e-01;2.336669971883833241e-01;-4.459538940101295118e-02
9.712918142581942194e-01;2.336684011546963091e-01;-4.462387093062962495e-02
9.712939737291751419e-01;2.336665583489425935e-01;-4.458650139614821900e-02
9.712934357880544933e-01;2.336670173801561334e-01;-4.459581352210571781e-02
9.712918144259982123e-01;2.336684004486826172e-01;-4.462387097514562001e-02
9.712937058683895897e-01;2.336667871355933013e-01;-4.459113735014803848e-02
9.576812877603542162e-01;2.347102628632002363e-01;-1.666062531250170620e-01
9.576798225211504700e-01;2.347099747677997839e-01;-1.666150811912198992e-01
9.576812877603541052e-01;2.347102628632001808e-01;-1.666062531250170342e-01
9.576812877603541052e-01;2.347102628632001808e-01;-1.666062531250170342e-01
9.576810158202421208e-01;2.347102093964016367e-01;-1.666078915976263453e-01
9.451442873121544963e-01;2.343228194990596147e-01;-2.275853519522086088e-01
9.451528923759888734e-01;2.343221070523133498e-01;-2.275503464727457459e-01
9.451442873121544963e-01;2.343228194990595592e-01;-2.275853519522086366e-01
9.451448053518516357e-01;2.343227766119630184e-01;-2.275832447199716835e-01
9.451528923751872924e-01;2.343221070558068331e-01;-2.275503464724775715e-01
9.451442873113530263e-01;2.343228195025530980e-01;-2.275853519519405177e-01
9.451442873113530263e-01;2.343228195025530980e-01;-2.275853519519404899e-01
9.451528923751872924e-01;2.343221070558068053e-01;-2.275503464724775993e-01
9.451442873113530263e-01;2.343228195025530425e-01;-2.275853519519404899e-01
9.451534102610510413e-01;2.343220641780196234e-01;-2.275482395257269475e-01
9.451395318143974711e-01;2.343232130008660874e-01;-2.276046951418454478e-01
9.230401813620269236e-01;2.327632265241642295e-01;-3.062974109737416351e-01
9.230507879858192988e-01;2.327652641672084410e-01;-3.062638969841661174e-01
9.230401813620269236e-01;2.327632265241642018e-01;-3.062974109737415795e-01
9.230534627042233931e-01;2.327657771675384069e-01;-3.062554456158044780e-01
9.230327132470802498e-01;2.327617884146296334e-01;-3.063210083062483657e-01
8.673807391341480377e-01;2.065654898118960692e-01;-4.527486629443212007e-01
8.673807391341480377e-01;2.065654898118960414e-01;-4.527486629443212562e-01
8.673889780358272628e-01;2.065711196151516771e-01;-4.527303097020410338e-01
8.673807391341480377e-01;2.065654898118960414e-01;-4.527486629443213118e-01
8.673799682237863795e-01;2.065649631340637782e-01;-4.527503801539279893e-01
8.691975507031987069e-01;2.075849952485501471e-01;-4.487806675863161843e-01
8.691837709356602382e-01;2.075788569942118855e-01;-4.488101942592683802e-01
8.692315177360794287e-01;2.076001304797511215e-01;-4.487078720047403269e-01
9.585374845118591614e-01;2.533158655833645523e-01;-1.305257178851287059e-01
9.585426770965057575e-01;2.533197955120053413e-01;-1.304799501318868737e-01
9.585374845118591614e-01;2.533158655833646078e-01;-1.305257178851286781e-01
9.585385701044174533e-01;2.533166870580726981e-01;-1.305161510315915319e-01
9.585415918499521348e-01;2.533189740201800544e-01;-1.304895171848048652e-01
9.585385701044175644e-01;2.533166870580727537e-01;-1.305161510315915874e-01
9.585374845118591614e-01;2.533158655833646633e-01;-1.305257178851286781e-01
9.603865676300472609e-01;2.539488813186351890e-01;-1.147501912538291258e-01
9.669258182861882878e-01;2.513598165329056777e-01;-4.327475666169758317e-02
9.669263860426868806e-01;2.513592055471047249e-01;-4.326561869611075806e-02
9.669235351680236512e-01;2.513622725435537553e-01;-4.331148900594503776e-02
9.669257925711216561e-01;2.513598447047782347e-01;-4.327516759872906266e-02
9.669258181069371183e-01;2.513598172324130742e-01;-4.327475660380339373e-02
9.669263858634372655e-01;2.513592062466102339e-01;-4.326561863818943060e-02
9.669258181069370073e-01;2.513598172324130742e-01;-4.327475660380337985e-02
9.669235095949747505e-01;2.513623000388042761e-01;-4.331190034781343817e-02
9.669264115727380648e-01;2.513591780652010277e-01;-4.326520779396077904e-02
9.669261052610966800e-01;2.513595076329090405e-01;-4.327013851547400342e-02
9.613725674289596013e-01;2.604693794495819281e-01;-8.898589193911712880e-02
9.613707082555429384e-01;2.604728058991927497e-01;-8.899594763379549411e-02
9.613725674289597123e-01;2.604693794495819836e-01;-8.898589193911712880e-02
9.613708545738687272e-01;2.604725362350696627e-01;-8.899515629055122778e-02
9.613725674289596013e-01;2.604693794495819281e-01;-8.898589193911714268e-02
9.576201818275590361e-01;2.669066020260686400e-01;-1.082795139971121090e-01
9.744266707003778061e-01;2.240964860778635603e-01;1.653566918305754072e-02
9.744266804278126637e-01;2.240964328506877268e-01;1.653581730761640584e-02
9.744271980023136992e-01;2.240936005946765341e-01;1.654369867573210820e-02
9.744245359237826420e-01;2.241081638387396324e-01;1.650317213597080404e-02
9.703265339211307738e-01;2.402545917513972951e-01;-2.727908926218125182e-02
9.703233518366548571e-01;2.402644757829635602e-01;-2.730521117327749936e-02
9.703265339211308849e-01;2.402545917513972673e-01;-2.727908926218128305e-02
9.703350545695017537e-01;2.402281123546393671e-01;-2.720911443117728784e-02
9.629814593646341958e-01;2.592258088804298422e-01;-7.395058438069507245e-02
9.629797278898415414e-01;2.592296941363383400e-01;-7.395951156671595750e-02
9.629798762115046040e-01;2.592293613259851748e-01;-7.395874686740773474e-02
9.576212489438045150e-01;2.707953587779216575e-01;-9.813978416343041578e-02
9.576212489438045150e-01;2.707953587779216575e-01;-9.813978416343041578e-02
9.576212489438045150e-01;2.707953587779216575e-01;-9.813978416343041578e-02
9.576212489438045150e-01;2.707953587779216575e-01;-9.813978416343038802e-02
9.576152377893391021e-01;2.708079168171779183e-01;-9.816378427306080012e-02
9.739336081279094115e-01;2.266880390504928400e-01;-8.115411905383222713e-03
9.739336000826525064e-01;2.266880711104726220e-01;-8.115481886939803630e-03
9.739336081279094115e-01;2.266880390504928400e-01;-8.115411905383229652e-03
9.739374694494198348e-01;2.266726490375376157e-01;-8.081817912190128808e-03
9.739306502654211384e-01;2.266998243379210465e-01;-8.141137434638989409e-03
9.727921409484477921e-01;2.312820735482353229e-01;-1.356661211076853717e-02
9.727921409484477921e-01;2.312820735482353229e-01;-1.356661211076854237e-02
9.727995631820653966e-01;2.312520404105718741e-01;-1.354635296786638014e-02
9.727903699583001496e-01;2.312892387641095338e-01;-1.357144606562314150e-02
9.727921409903393934e-01;2.312820733542688967e-01;-1.356661241366022806e-02
9.727985428494050346e-01;2.312561693529496254e-01;-1.354913894954667790e-02
9.785434064189991732e-01;2.060407765393168500e-01;-1.252904326962999173e-05
9.785497849867489384e-01;2.060104810498419314e-01;0.000000000000000000e+00
