2 1.84316 -31.9832 -34.7427 2.06377 -31.9543 -34.9243
2 3.3027 -31.87 -35.6092 3.04088 -31.8993 -35.4895
2 3.69657 -31.7746 -35.7088 3.3027 -31.87 -35.6092
2 -2.41812 -18.5739 -20.2197 -2.60714 -18.6468 -19.7998
2 -2.29154 -18.523 -20.5228 -2.41812 -18.5739 -20.2197
2 -0.542077 -16.6238 -21.8506 -0.288683 -16.3159 -22.0913
2 -6.41779 -26.8932 -37.2896 -6.42388 -27.2581 -37.1345
2 4.21997 -31.6378 -35.8422 4.49073 -31.5562 -35.8858
2 -1.92249 -30.985 -34.2562 -1.97854 -31.0969 -33.9641
2 -3.06312 -18.6997 -18.5222 -2.9555 -18.7105 -18.8707
2 -2.70543 -18.679 -19.5663 -2.83759 -18.709 -19.2195
2 3.2392 -24.726 -18.8421 3.2684 -24.6272 -19.0636
2 3.2392 -24.726 -18.8421 3.20647 -24.7998 -18.6646
2 -6.27004 -28.6303 -35.8914 -6.24902 -28.8079 -35.6783
2 -1.95427 -31.4695 -33.128 -2.00047 -31.3201 -33.4441
2 0.997793 -32.0146 -34.0976 0.37284 -32.0138 -33.5571
2 5.77183 -31.07 -35.6004 6.17176 -30.8573 -35.4497
2 6.17176 -30.8573 -35.4497 6.52579 -30.6341 -35.225
2 7.26364 -30.1423 -34.748 7.38226 -30.0622 -34.6694
2 7.38226 -30.0622 -34.6694 7.52007 -29.9641 -34.5681
2 -2.6528 -18.6615 -19.6907 -2.70543 -18.679 -19.5663
2 3.16701 -24.8742 -18.4553 3.20647 -24.7998 -18.6646
2 -6.15302 -29.0207 -35.3734 -6.09958 -29.1761 -35.139
2 -0.356476 -31.937 -33.1503 -0.0179783 -31.9791 -33.3087
2 -0.727246 -31.8974 -32.9628 -0.356476 -31.937 -33.1503
2 3.16701 -24.8742 -18.4553 3.11522 -24.9761 -18.18
2 -5.29669 -30.7049 -32.929 -5.49967 -30.4075 -33.3389
2 -1.95427 -31.4695 -33.128 -1.58739 -31.6365 -32.9846
2 -3.43979 -18.6863 -17.4411 -3.28229 -18.6764 -17.8612
2 -4.85644 -31.261 -32.1966 -5.29669 -30.7049 -32.929
2 -2.64558 -31.5393 -32.512 -3.05902 -31.5877 -31.9427
2 -3.78576 -18.7662 -16.5179 -3.85224 -18.7974 -16.3345
2 -3.58446 -18.6771 -17.0762 -3.43979 -18.6863 -17.4411
2 -4.0806 -18.9116 -15.6956 -4.03465 -18.8824 -15.8298
2 -3.58446 -18.6771 -17.0762 -3.78576 -18.7662 -16.5179
2 -4.2219 -20.0795 -14.3111 -4.27787 -19.8425 -14.3836
2 -4.10893 -20.7122 -14.0519 -4.16739 -20.3879 -14.1784
2 -4.05383 -21.045 -13.9171 -4.00814 -21.415 -13.758
2 -4.60615 -18.9366 -14.3559 -4.37552 -19.2068 -14.7054
2 -5.22126 -17.75 -13.7114 -5.03795 -18.106 -13.9501
2 -3.97321 -22.1833 -13.3984 -3.98701 -21.8907 -13.5351
2 -3.96373 -22.453 -13.2704 -3.96947 -22.5531 -13.2191
2 -4.14503 -18.9441 -15.5144 -4.21941 -19.0767 -15.2205
2 -4.37552 -19.2068 -14.7054 -4.21941 -19.0767 -15.2205
2 -3.23459 -31.6071 -31.4394 -3.6058 -31.6671 -31.7124
2 -3.15969 -31.5733 -30.6543 -3.04206 -31.512 -30.4467
2 -2.79289 -31.3587 -30.0337 -2.65925 -31.1295 -29.762
2 -5.73621 -16.7476 -12.8271 -5.6657 -16.8659 -12.9445
2 -4.05477 -23.195 -12.8713 -4.02342 -22.8879 -13.0313
2 -4.05477 -23.195 -12.8713 -4.17183 -23.3923 -12.7184
2 -3.6058 -31.6671 -31.7124 -4.19549 -31.6706 -31.7198
2 -3.96947 -22.5531 -13.2191 -3.98808 -22.7946 -13.0948
2 -4.60615 -18.9366 -14.3559 -4.89203 -18.3705 -14.1241
2 -4.89203 -18.3705 -14.1241 -4.95633 -18.2621 -14.0394
2 -4.30702 -19.6894 -14.447 -4.37552 -19.2068 -14.7054
2 -2.18758 -29.1758 -28.2806 -2.12087 -28.8551 -28.0983
2 -4.35548 -23.7475 -12.4537 -4.48628 -23.8832 -12.3273
2 -5.91366 -32.8212 -30.4199 -5.44178 -32.5043 -30.7076
2 -0.655209 -14.5674 -28.5391 -0.899959 -14.5391 -28.732
2 -0.655209 -14.5674 -28.5391 -0.190864 -14.65 -28.2117
2 -5.56239 -17.0508 -13.1172 -5.63296 -16.9234 -12.9992
2 -4.78962 -24.16 -12.0411 -4.63324 -24.0243 -12.1871
2 -4.63324 -24.0243 -12.1871 -4.5911 -23.9859 -12.2268
2 -5.34293 -17.4933 -13.4991 -5.45125 -17.2716 -13.3093
2 -5.44178 -32.5043 -30.7076 -5.22588 -32.3851 -30.8088
2 -4.19549 -31.6706 -31.7198 -4.4341 -31.8759 -31.4639
2 -2.39351 -14.3927 -29.5378 -1.71642 -14.4523 -29.2067
2 -2.02221 -28.4946 -27.8651 -1.869 -28.1016 -27.5991
2 -5.6657 -16.8659 -12.9445 -5.63296 -16.9234 -12.9992
2 -4.30702 -19.6894 -14.447 -4.27787 -19.8425 -14.3836
2 -3.98701 -21.8907 -13.5351 -3.99271 -21.7642 -13.5944
2 -8.30364 -34.5844 -28.8256 -7.85507 -34.2226 -29.2246
2 -1.40251 -27.0562 -26.8589 -1.55767 -27.3843 -27.0995
2 -1.65611 -27.589 -27.2516 -1.55767 -27.3843 -27.0995
2 -1.28805 -26.8564 -26.6911 -1.22639 -26.7678 -26.6087
2 -5.88249 -24.8555 -11.0505 -5.66658 -24.7865 -11.2404
2 -5.45064 -24.6613 -11.4345 -5.3842 -24.6196 -11.4944
2 -3.96373 -22.453 -13.2704 -3.97321 -22.1833 -13.3984
2 -8.57774 -34.743 -28.4938 -8.30364 -34.5844 -28.8256
2 -3.23459 -31.6071 -31.4394 -3.15969 -31.5733 -30.6543
2 -0.899959 -14.5391 -28.732 -1.22677 -14.5064 -28.9527
2 1.4342 -14.9607 -26.8554 1.5725 -15.0308 -26.6787
2 -1.22639 -26.7678 -26.6087 -1.10676 -26.6088 -26.4473
2 -5.45064 -24.6613 -11.4345 -5.66658 -24.7865 -11.2404
2 -3.98808 -22.7946 -13.0948 -4.02342 -22.8879 -13.0313
2 -8.97656 -34.9398 -27.9098 -9.07883 -34.9595 -27.6299
2 2.39519 -15.799 -26.0891 2.11721 -15.5055 -26.139
2 -7.57268 -24.76 -9.49619 -7.76441 -24.6721 -9.27955
2 -7.58292 -15.2047 -9.42496 -7.68407 -15.2523 -9.23709
2 -9.18573 -34.9438 -27.3661 -9.07883 -34.9595 -27.6299
2 -9.31724 -34.7111 -26.7653 -9.35794 -34.5653 -26.4886
2 -2.43084 -30.7579 -29.3612 -2.36667 -30.5246 -29.1526
2 -2.33319 -29.6795 -28.5911 -2.34971 -29.9977 -28.7935
2 -7.57268 -24.76 -9.49619 -7.18922 -24.8657 -9.86893
2 -9.31724 -34.7111 -26.7653 -9.23106 -34.8716 -27.1631
2 -2.36667 -30.5246 -29.1526 -2.34971 -29.9977 -28.7935
2 -0.364212 -25.8119 -25.4174 -0.1313 -25.6449 -25.1465
2 2.92748 -16.5529 -26.0387 3.0707 -16.7657 -26.0179
2 -9.27007 -23.1781 -7.21475 -9.04238 -23.4697 -7.54198
2 0.35743 -27.9941 -41.313 0.299272 -28.1222 -41.1511
2 0.555894 -27.6777 -41.5776 0.645592 -27.4834 -41.677
2 -9.59417 -33.4384 -24.7947 -9.61968 -33.3281 -24.6636
2 3.0707 -16.7657 -26.0179 3.21914 -16.9903 -25.9981
2 3.87373 -18.7252 -25.402 3.84755 -18.6275 -25.4561
2 2.39519 -15.799 -26.0891 2.58506 -16.0579 -26.0823
2 -8.497 -24.1253 -8.30559 -8.61302 -24.0009 -8.15004
2 -8.09457 -15.7427 -8.42485 -8.00939 -15.532 -8.62171
2 0.0575448 -28.6368 -40.443 0.152085 -28.4359 -40.744
2 1.25774 -26.3245 -41.8409 1.13743 -26.5508 -41.9053
2 1.13743 -26.5508 -41.9053 0.990801 -26.7973 -41.9551
2 0.75079 -27.3188 -41.7618 0.990801 -26.7973 -41.9551
2 1.87092 -25.2285 -41.2796 1.98884 -25.0244 -41.1349
2 1.56385 -25.7687 -41.6283 1.72489 -25.4871 -41.4484
2 2.06158 -24.8788 -41.0381 2.17903 -24.7286 -40.8799
2 1.87092 -25.2285 -41.2796 1.72489 -25.4871 -41.4484
2 -9.43739 -34.2185 -25.8825 -9.40915 -34.3611 -26.1469
2 -1.869 -28.1016 -27.5991 -1.65611 -27.589 -27.2516
2 1.47879 -15.0872 -24.939 1.57404 -15.1116 -25.1576
2 0.866746 -24.9017 -23.9794 0.741054 -24.9825 -24.1295
2 3.87373 -18.7252 -25.402 3.9406 -19.0127 -25.2162
2 3.79604 -18.4464 -25.5469 3.84755 -18.6275 -25.4561
2 4.01473 -19.6425 -24.6729 4.03085 -19.9965 -24.3374
2 -9.55712 -22.2807 -6.57488 -9.48422 -22.5252 -6.73566
2 -9.4259 -22.7067 -6.8564 -9.34311 -22.9632 -7.03389
2 -8.09457 -15.7427 -8.42485 -8.14487 -15.8625 -8.30776
2 0.0575448 -28.6368 -40.443 -0.0425956 -28.8788 -40.0779
2 1.11504 -15.0586 -24.1374 1.29407 -15.0565 -24.5136
2 0.951233 -24.8478 -23.8784 1.10585 -24.767 -23.6866
2 0.433671 -25.2138 -24.4992 0.178255 -25.4047 -24.7812
2 4.03099 -20.8111 -23.4476 4.03172 -20.6264 -23.6631
2 3.9406 -19.0127 -25.2162 3.99585 -19.281 -24.9874
2 3.70729 -18.1413 -25.6907 3.53273 -17.6619 -25.8489
2 3.43521 -17.3822 -25.9565 3.34192 -17.2144 -25.9649
2 -9.04605 -18.8907 -6.52244 -9.172 -19.3441 -6.38802
2 -8.86849 -18.2281 -6.78289 -8.81662 -18.033 -6.87976
2 -8.99254 -18.6367 -6.6108 -8.86849 -18.2281 -6.78289
2 -6.92104 -24.9131 -10.1253 -7.18922 -24.8657 -9.86893
2 -8.32359 -16.285 -7.93125 -8.25697 -16.1124 -8.07483
2 -8.32359 -16.285 -7.93125 -8.38496 -16.4601 -7.79605
2 -8.14487 -15.8625 -8.30776 -8.25697 -16.1124 -8.07483
2 -6.51943 -24.9412 -10.4888 -6.36705 -24.9343 -10.6241
2 -0.194212 -29.1928 -39.5356 -0.231181 -29.2884 -39.3678
2 2.61191 -24.1428 -40.1797 2.73638 -23.9879 -39.9582
2 -9.5274 -33.8128 -25.2554 -9.54943 -33.6566 -25.059
2 -9.66429 -33.1378 -24.4355 -9.69485 -32.9757 -24.2531
2 -0.585172 -26.0091 -25.715 -0.364212 -25.8119 -25.4174
2 -0.1313 -25.6449 -25.1465 -0.0161226 -25.5585 -25.0089
2 -9.5808 -21.279 -6.25514 -9.48274 -20.7481 -6.24169
2 -9.36692 -20.2041 -6.22845 -9.28476 -19.7531 -6.27568
2 -7.95306 -24.5661 -9.04935 -8.20416 -24.4151 -8.74019
2 -8.43276 -16.6099 -7.68884 -8.38496 -16.4601 -7.79605
2 -6.92104 -24.9131 -10.1253 -6.66183 -24.9381 -10.3608
2 -0.368754 -29.5486 -38.8484 -0.231181 -29.2884 -39.3678
2 2.73638 -23.9879 -39.9582 2.80406 -23.9066 -39.833
2 2.85667 -23.8449 -39.7372 2.85114 -23.8508 -39.7458
2 -9.78608 -32.0013 -23.2741 -9.76933 -32.2398 -23.487
2 1.80715 -15.2012 -25.6549 1.71929 -15.1581 -25.4891
2 1.62934 -15.1305 -25.2787 1.57404 -15.1116 -25.1576
2 4.03251 -20.5356 -23.7706 4.03322 -20.4009 -23.9288
2 -8.43276 -16.6099 -7.68884 -8.51164 -16.8898 -7.5168
2 -0.965749 -30.2287 -37.0643 -1.02201 -30.3097 -36.8452
2 -9.73295 -32.6861 -23.9262 -9.69485 -32.9757 -24.2531
2 -9.76933 -32.2398 -23.487 -9.76058 -32.3311 -23.5698
2 -0.0637612 -16.0526 -22.3001 0.173093 -15.7822 -22.5346
2 0.561718 -15.436 -23.1517 0.420685 -15.5534 -22.9198
2 0.749844 -15.2846 -23.4684 0.561718 -15.436 -23.1517
2 -1.65739 -17.9553 -21.0965 -1.76391 -18.0595 -21.0179
2 0.420685 -15.5534 -22.9198 0.173093 -15.7822 -22.5346
2 1.10585 -24.767 -23.6866 1.2744 -24.6755 -23.5076
2 2.71018 -24.056 -21.7194 2.86981 -23.9839 -21.5197
2 2.31804 -24.209 -22.2364 2.71018 -24.056 -21.7194
2 3.98589 -21.5429 -22.6577 3.94829 -21.7523 -22.4681
2 3.98589 -21.5429 -22.6577 4.0063 -21.4168 -22.7806
2 4.03099 -20.8111 -23.4476 4.01 -20.981 -23.2305
2 3.7201 -22.6613 -21.7498 3.62965 -23.0367 -21.4576
2 3.35687 -23.5429 -21.2152 3.19972 -23.8194 -21.0692
2 3.86894 -22.0641 -22.2111 3.7982 -22.3474 -21.9926
2 -8.88081 -23.7281 -7.77763 -9.04238 -23.4697 -7.54198
2 -6.41779 -26.8932 -37.2896 -6.39662 -26.5274 -37.4459
2 -9.78608 -32.0013 -23.2741 -9.79688 -31.8104 -23.1043
2 -9.79688 -31.8104 -23.1043 -9.80457 -31.5787 -22.886
2 -9.71098 -31.0311 -22.3365 -9.65368 -30.6715 -21.9912
2 -9.65368 -30.6715 -21.9912 -9.53621 -30.4158 -21.5949
2 -2.9029 -19.3763 -20.976 -3.12445 -19.6759 -21.162
2 -0.0637612 -16.0526 -22.3001 -0.288683 -16.3159 -22.0913
2 1.55938 -24.5383 -23.1814 1.41509 -24.6119 -23.3462
2 3.02488 -23.9367 -21.2544 2.86981 -23.9839 -21.5197
2 3.62965 -23.0367 -21.4576 3.58222 -23.1822 -21.3449
2 1.11504 -15.0586 -24.1374 0.964079 -15.1283 -23.8194
2 -6.39662 -26.5274 -37.4459 -6.41173 -26.2054 -37.4777
2 -9.80457 -31.5787 -22.886 -9.80565 -31.4344 -22.7843
2 -9.34207 -30.0169 -20.9723 -9.38818 -30.1087 -21.1182
2 -2.40137 -18.7163 -20.7192 -2.58564 -18.9748 -20.8472
2 3.35687 -23.5429 -21.2152 3.58222 -23.1822 -21.3449
2 0.749844 -15.2846 -23.4684 0.964079 -15.1283 -23.8194
2 3.27185 -24.2987 -19.942 3.19287 -24.0843 -20.5798
2 -6.3111 -25.2008 -37.4711 -6.40607 -25.9053 -37.526
2 -6.3111 -25.2008 -37.4711 -6.1668 -24.6949 -37.3409
2 -5.98701 -24.1795 -37.1911 -6.1668 -24.6949 -37.3409
2 -9.26544 -29.8827 -20.743 -9.11463 -29.6052 -20.2772
2 -9.53621 -30.4158 -21.5949 -9.38818 -30.1087 -21.1182
2 -9.34207 -30.0169 -20.9723 -9.26544 -29.8827 -20.743
2 -2.58564 -18.9748 -20.8472 -2.72317 -19.1483 -20.902
2 -2.29154 -18.523 -20.5228 -2.40137 -18.7163 -20.7192
2 -2.9029 -19.3763 -20.976 -2.72317 -19.1483 -20.902
2 3.29754 -24.4853 -19.4199 3.27185 -24.2987 -19.942
2 1.25774 -26.3245 -41.8409 1.40997 -26.0524 -41.7409
2 7.80203 -29.737 -34.2998 7.77641 -29.7544 -34.3315
2 2.06158 -24.8788 -41.0381 1.98884 -25.0244 -41.1349
2 -6.67328 -33.339 -29.9721 -6.84615 -33.4608 -29.8718
2 2.49966 -24.2957 -40.3734 2.61191 -24.1428 -40.1797
2 -0.0179783 -31.9791 -33.3087 0.37284 -32.0138 -33.5571
2 7.01438 -30.3094 -34.911 7.26364 -30.1423 -34.748
2 2.80406 -23.9066 -39.833 2.85114 -23.8508 -39.7458
2 5.09224 -31.3806 -35.7889 5.43751 -31.2361 -35.724
2 5.09224 -31.3806 -35.7889 4.89231 -31.4534 -35.8606
2 5.77183 -31.07 -35.6004 5.43751 -31.2361 -35.724
2 0.152085 -28.4359 -40.744 0.299272 -28.1222 -41.1511
2 -5.91366 -32.8212 -30.4199 -6.2664 -33.0364 -30.227
2 -6.27004 -28.6303 -35.8914 -6.30922 -28.5098 -36.0269
2 -0.135865 -29.061 -39.7625 -0.194212 -29.1928 -39.5356
2 1.84316 -31.9832 -34.7427 0.997793 -32.0146 -34.0976
2 -5.93398 -29.6106 -34.4584 -6.04744 -29.3381 -34.8828
2 -1.30939 -30.5572 -35.9792 -1.09654 -30.3909 -36.5796
2 -6.45607 -33.1728 -30.1135 -6.67328 -33.339 -29.9721
2 -6.30922 -28.5098 -36.0269 -6.33354 -28.334 -36.1996
2 -0.592618 -29.8281 -38.1868 -0.678246 -29.9324 -37.9117
2 -3.05902 -31.5877 -31.9427 -3.23459 -31.6071 -31.4394
2 -1.58739 -31.6365 -32.9846 -1.23359 -31.7751 -32.8997
2 -4.47282 -31.5458 -31.8807 -4.19549 -31.6706 -31.7198
2 -1.7575 -30.8664 -34.6911 -1.92249 -30.985 -34.2562
2 -7.63077 -34.0477 -29.3835 -7.47802 -33.933 -29.4792
2 -6.45607 -33.1728 -30.1135 -6.2664 -33.0364 -30.227
2 -1.4917 -30.691 -35.454 -1.30939 -30.5572 -35.9792
2 -7.14636 -33.6844 -29.686 -7.47802 -33.933 -29.4792
2 -1.23359 -31.7751 -32.8997 -0.727246 -31.8974 -32.9628
2 -7.81483 -15.2953 -9.00096 -7.68407 -15.2523 -9.23709
2 -9.172 -19.3441 -6.38802 -9.28476 -19.7531 -6.27568
2 -8.67883 -17.5072 -7.16166 -8.6018 -17.2188 -7.32422
2 -8.73629 -17.7255 -7.04196 -8.67883 -17.5072 -7.16166
2 0.326368 -14.707 -27.8421 -0.190864 -14.65 -28.2117
2 1.5725 -15.0308 -26.6787 1.84072 -15.2639 -26.4196
2 1.4342 -14.9607 -26.8554 1.32197 -14.909 -27.0007
2 -8.8151 -34.8603 -28.1594 -8.57774 -34.743 -28.4938
2 2.17903 -24.7286 -40.8799 2.28151 -24.5787 -40.7197
2 4.0063 -21.4168 -22.7806 4.02915 -21.1635 -23.0347
2 2.49966 -24.2957 -40.3734 2.40958 -24.4205 -40.5206
2 4.01 -20.981 -23.2305 4.02915 -21.1635 -23.0347
2 3.2684 -24.6272 -19.0636 3.29754 -24.4853 -19.4199
2 2.28151 -24.5787 -40.7197 2.40958 -24.4205 -40.5206
2 4.01473 -19.6425 -24.6729 4.01019 -19.521 -24.7908
2 4.03251 -20.5356 -23.7706 4.03172 -20.6264 -23.6631
2 4.03322 -20.4009 -23.9288 4.03225 -20.2007 -24.1399
2 1.2744 -24.6755 -23.5076 1.41509 -24.6119 -23.3462
2 1.82235 -24.4204 -22.8582 1.55938 -24.5383 -23.1814
2 3.02488 -23.9367 -21.2544 3.19972 -23.8194 -21.0692
2 3.94829 -21.7523 -22.4681 3.88673 -21.9933 -22.2665
2 3.86894 -22.0641 -22.2111 3.88673 -21.9933 -22.2665
2 -3.28229 -18.6764 -17.8612 -3.24543 -18.6781 -17.9601
2 4.03225 -20.2007 -24.1399 4.03085 -19.9965 -24.3374
2 4.01019 -19.521 -24.7908 3.99585 -19.281 -24.9874
2 -3.06312 -18.6997 -18.5222 -3.16077 -18.6859 -18.2028
2 -4.16739 -20.3879 -14.1784 -4.2219 -20.0795 -14.3111
2 0.433671 -25.2138 -24.4992 0.741054 -24.9825 -24.1295
2 -1.0169 -17.1981 -21.5176 -1.15774 -17.3686 -21.4149
2 -0.0161226 -25.5585 -25.0089 0.178255 -25.4047 -24.7812
2 1.82235 -24.4204 -22.8582 2.31804 -24.209 -22.2364
2 3.7201 -22.6613 -21.7498 3.7982 -22.3474 -21.9926
2 -4.00814 -21.415 -13.758 -3.99271 -21.7642 -13.5944
2 1.40997 -26.0524 -41.7409 1.56385 -25.7687 -41.6283
2 3.19287 -24.0843 -20.5798 3.19972 -23.8194 -21.0692
2 6.52579 -30.6341 -35.225 7.01438 -30.3094 -34.911
2 -3.16077 -18.6859 -18.2028 -3.24543 -18.6781 -17.9601
2 -3.93452 -18.8345 -16.1078 -4.03465 -18.8824 -15.8298
2 -4.0806 -18.9116 -15.6956 -4.14503 -18.9441 -15.5144
2 -4.95633 -18.2621 -14.0394 -5.03795 -18.106 -13.9501
2 -5.88249 -24.8555 -11.0505 -6.07094 -24.9008 -10.8852
2 0.951233 -24.8478 -23.8784 0.866746 -24.9017 -23.9794
2 7.52007 -29.9641 -34.5681 7.77641 -29.7544 -34.3315
2 0.75079 -27.3188 -41.7618 0.645592 -27.4834 -41.677
2 -3.93452 -18.8345 -16.1078 -3.85224 -18.7974 -16.3345
2 -6.66183 -24.9381 -10.3608 -6.51943 -24.9412 -10.4888
2 -2.60714 -18.6468 -19.7998 -2.6528 -18.6615 -19.6907
2 -4.10893 -20.7122 -14.0519 -4.05383 -21.045 -13.9171
2 -4.48628 -23.8832 -12.3273 -4.5911 -23.9859 -12.2268
2 -4.17183 -23.3923 -12.7184 -4.35548 -23.7475 -12.4537
2 -5.56239 -17.0508 -13.1172 -5.45125 -17.2716 -13.3093
2 -5.22126 -17.75 -13.7114 -5.34293 -17.4933 -13.4991
2 -9.27007 -23.1781 -7.21475 -9.34311 -22.9632 -7.03389
2 -6.36705 -24.9343 -10.6241 -6.17502 -24.9184 -10.7936
2 -9.71098 -31.0311 -22.3365 -9.76864 -31.2524 -22.5912
2 -2.83759 -18.709 -19.2195 -2.9555 -18.7105 -18.8707
2 -0.908048 -17.0667 -21.5979 -0.827407 -16.9694 -21.6572
2 -2.29154 -18.523 -20.5228 -2.10233 -18.3689 -20.7385
2 -7.76441 -24.6721 -9.27955 -7.95306 -24.5661 -9.04935
2 -6.06676 -16.2235 -12.2726 -5.86625 -16.534 -12.6087
2 3.43521 -17.3822 -25.9565 3.53273 -17.6619 -25.8489
2 3.79604 -18.4464 -25.5469 3.70729 -18.1413 -25.6907
2 -6.07094 -24.9008 -10.8852 -6.17502 -24.9184 -10.7936
2 -0.881112 -26.3454 -26.1451 -0.64531 -26.0623 -25.7952
2 -0.585172 -26.0091 -25.715 -0.64531 -26.0623 -25.7952
2 1.47879 -15.0872 -24.939 1.42414 -15.0775 -24.8135
2 -0.827407 -16.9694 -21.6572 -0.542077 -16.6238 -21.8506
2 -9.80565 -31.4344 -22.7843 -9.76864 -31.2524 -22.5912
2 -1.52306 -17.8088 -21.181 -1.36578 -17.6241 -21.2792
2 -1.22677 -14.5064 -28.9527 -1.71642 -14.4523 -29.2067
2 -1.0169 -17.1981 -21.5176 -0.908048 -17.0667 -21.5979
2 -8.20416 -24.4151 -8.74019 -8.32876 -24.3225 -8.57042
2 -1.81843 -18.1084 -20.9688 -1.76391 -18.0595 -21.0179
2 -1.52306 -17.8088 -21.181 -1.65739 -17.9553 -21.0965
2 0.555894 -27.6777 -41.5776 0.482634 -27.7875 -41.4911
2 0.35743 -27.9941 -41.313 0.482634 -27.7875 -41.4911
2 -5.86625 -16.534 -12.6087 -5.73621 -16.7476 -12.8271
2 -5.08976 -24.3942 -11.7648 -4.78962 -24.16 -12.0411
2 -1.10676 -26.6088 -26.4473 -0.881112 -26.3454 -26.1451
2 -9.5829 -21.607 -6.33788 -9.5808 -21.279 -6.25514
2 4.60329 -31.5249 -35.8925 4.89231 -31.4534 -35.8606
2 -6.38125 -27.7955 -36.7179 -6.39692 -27.5722 -36.9184
2 1.80715 -15.2012 -25.6549 1.8839 -15.2517 -25.8103
2 -2.10233 -18.3689 -20.7385 -1.81843 -18.1084 -20.9688
2 -5.08976 -24.3942 -11.7648 -5.3842 -24.6196 -11.4944
2 -6.41173 -26.2054 -37.4777 -6.40607 -25.9053 -37.526
2 -6.58384 -15.3872 -11.1641 -6.38272 -15.7016 -11.6397
2 -1.28805 -26.8564 -26.6911 -1.40251 -27.0562 -26.8589
2 -6.58384 -15.3872 -11.1641 -6.75577 -15.1896 -10.8813
2 -8.497 -24.1253 -8.30559 -8.32876 -24.3225 -8.57042
2 -0.135865 -29.061 -39.7625 -0.0425956 -28.8788 -40.0779
2 -9.66429 -33.1378 -24.4355 -9.61968 -33.3281 -24.6636
2 1.29407 -15.0565 -24.5136 1.42414 -15.0775 -24.8135
2 -1.15774 -17.3686 -21.4149 -1.36578 -17.6241 -21.2792
2 4.49073 -31.5562 -35.8858 4.60329 -31.5249 -35.8925
2 -6.14123 -16.0988 -12.1243 -6.06676 -16.2235 -12.2726
2 -8.61302 -24.0009 -8.15004 -8.88081 -23.7281 -7.77763
2 -6.41165 -27.3998 -37.0408 -6.42388 -27.2581 -37.1345
2 0.96955 -14.7968 -27.3188 1.32197 -14.909 -27.0007
2 -9.59417 -33.4384 -24.7947 -9.54943 -33.6566 -25.059
2 3.21914 -16.9903 -25.9981 3.34192 -17.2144 -25.9649
2 1.62934 -15.1305 -25.2787 1.71929 -15.1581 -25.4891
2 2.92748 -16.5529 -26.0387 2.82636 -16.4048 -26.0514
2 -6.09958 -29.1761 -35.139 -6.04744 -29.3381 -34.8828
2 -9.76058 -32.3311 -23.5698 -9.73295 -32.6861 -23.9262
2 -9.43739 -34.2185 -25.8825 -9.49571 -33.9789 -25.494
2 0.96955 -14.7968 -27.3188 0.651197 -14.7479 -27.5595
2 0.326368 -14.707 -27.8421 0.651197 -14.7479 -27.5595
2 -6.33032 -15.7892 -11.7565 -6.14123 -16.0988 -12.1243
2 -6.33032 -15.7892 -11.7565 -6.38272 -15.7016 -11.6397
2 -9.49571 -33.9789 -25.494 -9.5274 -33.8128 -25.2554
2 4.21997 -31.6378 -35.8422 3.94956 -31.7041 -35.7886
2 3.69657 -31.7746 -35.7088 3.94956 -31.7041 -35.7886
2 -7.41165 -15.1619 -9.72942 -7.58292 -15.2047 -9.42496
2 2.58506 -16.0579 -26.0823 2.82636 -16.4048 -26.0514
2 -9.5829 -21.607 -6.33788 -9.55712 -22.2807 -6.57488
2 -9.48422 -22.5252 -6.73566 -9.4259 -22.7067 -6.8564
2 -6.37253 -28.0511 -36.4854 -6.38125 -27.7955 -36.7179
2 -2.02221 -28.4946 -27.8651 -2.12087 -28.8551 -28.0983
2 -2.33319 -29.6795 -28.5911 -2.18758 -29.1758 -28.2806
2 2.11721 -15.5055 -26.139 1.8839 -15.2517 -25.8103
2 -0.368754 -29.5486 -38.8484 -0.592618 -29.8281 -38.1868
2 2.11721 -15.5055 -26.139 1.84072 -15.2639 -26.4196
2 -9.36692 -20.2041 -6.22845 -9.48274 -20.7481 -6.24169
2 2.72001 -31.9196 -35.3115 2.47789 -31.9316 -35.1899
2 -6.41165 -27.3998 -37.0408 -6.39692 -27.5722 -36.9184
2 -0.678246 -29.9324 -37.9117 -0.908691 -30.1673 -37.2392
2 -7.19708 -15.0885 -10.1232 -7.03494 -15.0394 -10.4542
2 2.06377 -31.9543 -34.9243 2.47789 -31.9316 -35.1899
2 2.72001 -31.9196 -35.3115 3.04088 -31.8993 -35.4895
2 -0.965749 -30.2287 -37.0643 -0.908691 -30.1673 -37.2392
2 -9.04605 -18.8907 -6.52244 -8.99254 -18.6367 -6.6108
2 -8.51164 -16.8898 -7.5168 -8.6018 -17.2188 -7.32422
2 -9.35794 -34.5653 -26.4886 -9.40915 -34.3611 -26.1469
2 -7.19708 -15.0885 -10.1232 -7.41165 -15.1619 -9.72942
2 -7.03494 -15.0394 -10.4542 -6.75577 -15.1896 -10.8813
2 -1.09654 -30.3909 -36.5796 -1.02201 -30.3097 -36.8452
2 -4.73358 -32.0608 -31.2205 -5.22588 -32.3851 -30.8088
2 -8.73629 -17.7255 -7.04196 -8.81662 -18.033 -6.87976
2 -6.24902 -28.8079 -35.6783 -6.15302 -29.0207 -35.3734
2 -8.8151 -34.8603 -28.1594 -8.97656 -34.9398 -27.9098
2 -6.37253 -28.0511 -36.4854 -6.33354 -28.334 -36.1996
2 -9.18573 -34.9438 -27.3661 -9.23106 -34.8716 -27.1631
2 -7.9395 -15.446 -8.76094 -8.00939 -15.532 -8.62171
2 -7.78876 -34.1698 -29.2792 -7.85507 -34.2226 -29.2246
2 -7.81483 -15.2953 -9.00096 -7.9395 -15.446 -8.76094
2 -1.4917 -30.691 -35.454 -1.7575 -30.8664 -34.6911
2 -2.53121 -30.9434 -29.5456 -2.65925 -31.1295 -29.762
2 -5.7976 -29.8744 -34.0813 -5.557 -30.3075 -33.4763
2 -2.53121 -30.9434 -29.5456 -2.43084 -30.7579 -29.3612
2 -2.01561 -31.2238 -33.6548 -2.00047 -31.3201 -33.4441
2 -5.7976 -29.8744 -34.0813 -5.93398 -29.6106 -34.4584
2 -7.63077 -34.0477 -29.3835 -7.78876 -34.1698 -29.2792
2 -7.14636 -33.6844 -29.686 -6.84615 -33.4608 -29.8718
2 -5.557 -30.3075 -33.4763 -5.49967 -30.4075 -33.3389
2 -4.85644 -31.261 -32.1966 -4.47282 -31.5458 -31.8807
2 -2.01561 -31.2238 -33.6548 -1.97854 -31.0969 -33.9641
2 -2.79289 -31.3587 -30.0337 -3.04206 -31.512 -30.4467
2 -4.56909 -31.9738 -31.3355 -4.4341 -31.8759 -31.4639
2 -4.73358 -32.0608 -31.2205 -4.56909 -31.9738 -31.3355
2 -2.64558 -31.5393 -32.512 -2.2626 -31.4822 -32.8924
2 -1.95427 -31.4695 -33.128 -2.2626 -31.4822 -32.8924
