-8.86849 -18.2281 -6.78289 1.4364638295957046 8.73587694854686 
-8.81662 -18.033 -6.87976 1.6968235452030616 12.60116167268628 
-8.73629 -17.7255 -7.04196 2.2615885303700956 12.415193148564768 
-8.67883 -17.5072 -7.16166 2.3057771847846644 8.255209355133282 
-8.6018 -17.2188 -7.32422 2.3733523478884964 31.95884973368285 
-8.51164 -16.8898 -7.5168 2.411755972812417 11.885921493605302 
-8.43276 -16.6099 -7.68884 2.41920631673111 12.517891772573135 
-8.38496 -16.4601 -7.79605 2.4149741828583977 7.973797736509228 
-8.32359 -16.285 -7.93125 2.4126800532472856 8.140061264795737 
-8.25697 -16.1124 -8.07483 2.4154048476941723 31.584330214530368 
-8.14487 -15.8625 -8.30776 2.4696525842914077 7.720828260411542 
-8.09457 -15.7427 -8.42485 2.5021425511469824 7.654127699584669 
-8.00939 -15.532 -8.62171 2.523879336359436 7.2830429288483725 
-7.9395 -15.446 -8.76094 2.515099853104641 23.64159305106805 
-7.81483 -15.2953 -9.00096 2.703309456485141 7.535403554446392 
-7.68407 -15.2523 -9.23709 2.5217261099985215 12.403250905737227 
-7.58292 -15.2047 -9.42496 2.522000634761648 7.400754967950684 
-7.41165 -15.1619 -9.72942 2.379452246175979 7.568393914521859 
-7.19708 -15.0885 -10.1232 2.356707102627921 12.378221527761642 
-7.03494 -15.0394 -10.4542 2.5539898167415864 7.963461644910354 
-6.75577 -15.1896 -10.8813 2.1932770141012976 8.68948844695548 
-6.58384 -15.3872 -11.1641 1.973560439009599 10.486018390500295 
-6.38272 -15.7016 -11.6397 1.280492163780534 10.53699480771235 
-6.33032 -15.7892 -11.7565 1.185298567867244 7.029455677018112 
-6.14123 -16.0988 -12.1243 1.1152639379482259 10.660955856628275 
-6.06676 -16.2235 -12.2726 1.1131717153202698 10.679268258923901 
-5.86625 -16.534 -12.6087 1.2525323470435272 2.061461725163263 
-5.73621 -16.7476 -12.8271 1.3231807275221124 10.869609133337622 
-5.6657 -16.8659 -12.9445 1.3242460530804427 2.1869478140931773 
-5.63296 -16.9234 -12.9992 1.311150040382498 10.845293963739913 
-5.56239 -17.0508 -13.1172 1.2677080228286792 10.765188239479448 
-5.45125 -17.2716 -13.3093 1.1653658697625513 10.842867130263977 
-5.34293 -17.4933 -13.4991 1.0289169190629446 10.868551646193247 
-5.22126 -17.75 -13.7114 0.9244599697537298 10.855782881310517 
-5.03795 -18.106 -13.9501 0.8512500023774064 4.439117120202035 
-4.95633 -18.2621 -14.0394 0.8558503161946439 4.2048772182876535 
-4.89203 -18.3705 -14.1241 0.8420831630747028 4.694342887216031 
-4.60615 -18.9366 -14.3559 0.9138100332153133 11.122982333375834 
-4.37552 -19.2068 -14.7054 0.9381181940299643 3.9400908465958646 
-4.21941 -19.0767 -15.2205 1.0873499729451719 22.106391721190825 
-4.14503 -18.9441 -15.5144 1.2023589577483376 2.7570467262824625 
-4.0806 -18.9116 -15.6956 1.3531034084535862 2.742204596073206 
-4.03465 -18.8824 -15.8298 1.462153103463106 2.687811067723251 
-3.93452 -18.8345 -16.1078 1.2522400908550693 2.8782499030591966 
-3.85224 -18.7974 -16.3345 1.113792175316808 17.7278328849261 
-3.78576 -18.7662 -16.5179 1.0248209961054102 17.77911461279508 
-3.58446 -18.6771 -17.0762 0.8974721916704186 3.250582926215909 
-3.43979 -18.6863 -17.4411 0.9263410816617361 3.0761342052284277 
-3.28229 -18.6764 -17.8612 1.0149784875826742 2.7882158991269983 
-3.24543 -18.6781 -17.9601 1.0378210839962743 2.844613170035706 
-3.16077 -18.6859 -18.2028 1.0874810624958802 2.9674949623899964 
-3.06312 -18.6997 -18.5222 1.2324349473264127 3.082750957506313 
-2.9555 -18.7105 -18.8707 1.3468445671803857 17.759858767679255 
-2.83759 -18.709 -19.2195 1.3975343374360576 4.62297337332844 
-2.70543 -18.679 -19.5663 1.3045351487721097 10.286406375783004 
-2.6528 -18.6615 -19.6907 1.255895538093889 22.662163394162157 
-2.60714 -18.6468 -19.7998 1.2104182957421976 23.044824117365216 
-2.41812 -18.5739 -20.2197 1.0274204010136687 22.916516701383795 
-2.29154 -18.523 -20.5228 1.0093485362757852 21.17016129036193 
-2.10233 -18.3689 -20.7385 1.0044697597935164 22.589231683767142 
-1.81843 -18.1084 -20.9688 1.115940107779865 19.520992165854683 
-1.76391 -18.0595 -21.0179 1.1332464766652406 3.7805365090280207 
-1.65739 -17.9553 -21.0965 1.1595046719574134 9.558495273228235 
-1.52306 -17.8088 -21.181 1.208278779668848 3.477446102147383 
-1.36578 -17.6241 -21.2792 1.2692669724457422 3.289639770585002 
-1.15774 -17.3686 -21.4149 1.2663646986510526 3.1686363030647784 
-1.0169 -17.1981 -21.5176 1.2307359458814533 3.0343926277015316 
-0.908048 -17.0667 -21.5979 1.1049857275302772 2.949904570677271 
-0.827407 -16.9694 -21.6572 1.0169353304069557 2.879798652353714 
-0.542077 -16.6238 -21.8506 0.7906712755561063 2.8895223197280906 
-0.288683 -16.3159 -22.0913 0.72363810308339 4.704147474345033 
-0.0637612 -16.0526 -22.3001 0.7152056411850385 6.04595093771528 
0.173093 -15.7822 -22.5346 0.8362839924045007 6.721855244234152 
0.420685 -15.5534 -22.9198 1.159305375434659 20.807052915536495 
0.561718 -15.436 -23.1517 1.2925760013226397 6.322794913278064 
0.749844 -15.2846 -23.4684 1.3035762262364845 15.170193586848876 
0.964079 -15.1283 -23.8194 1.2729375891478871 25.865097143200618 
1.11504 -15.0586 -24.1374 1.42082337605006 16.65845395360721 
1.29407 -15.0565 -24.5136 1.846810663958842 4.097548583567778 
1.42414 -15.0775 -24.8135 1.9214652818895932 15.74669621484621 
1.47879 -15.0872 -24.939 1.9253033176824113 5.574347547512656 
1.57404 -15.1116 -25.1576 1.9611589672223697 15.236523958506043 
1.62934 -15.1305 -25.2787 2.056635869801876 8.719627702538471 
1.71929 -15.1581 -25.4891 2.069572634063105 15.305092880756522 
1.80715 -15.2012 -25.6549 2.1616289299389204 9.009108907049535 
1.8839 -15.2517 -25.8103 2.0859748955785133 22.910295241187224 
2.11721 -15.5055 -26.139 2.563878058961472 16.675836218951773 
2.39519 -15.799 -26.0891 2.589260284808736 17.189199250685387 
2.58506 -16.0579 -26.0823 2.272457862251658 16.702358002408943 
2.82636 -16.4048 -26.0514 1.7719268761404952 16.81466773833761 
2.92748 -16.5529 -26.0387 1.570424552814163 16.78416255207278 
3.0707 -16.7657 -26.0179 1.2533831910855868 17.13723157372265 
3.21914 -16.9903 -25.9981 1.1215257260792166 17.323904322359812 
3.34192 -17.2144 -25.9649 0.9455217954865437 17.398115479756648 
3.43521 -17.3822 -25.9565 0.9148648254200836 26.161971087930766 
3.53273 -17.6619 -25.8489 0.8149373330431909 26.94848048593105 
3.70729 -18.1413 -25.6907 0.7370778497684664 13.214627681602696 
3.79604 -18.4464 -25.5469 0.8077299871154616 13.235182857841231 
3.84755 -18.6275 -25.4561 0.8556573805309293 2.341447381233661 
