5.136041164398193 -27.560060501098633 -29.422426223754883 1.488378869117535 15.869806496846063 
5.2195329666137695 -27.56671714782715 -29.3677921295166 1.3023298668575618 18.874125642209325 
5.2856059074401855 -27.556406021118164 -29.305347442626953 1.3264023288171711 17.23567659861692 
5.343541622161865 -27.558643341064453 -29.224082946777344 1.3416791142647546 14.627006164584476 
5.370491027832031 -27.590988159179688 -29.133377075195312 1.3819300783983912 14.553144142355698 
5.397440433502197 -27.623334884643555 -29.04267120361328 1.4357010806228072 14.464740847552637 
5.424389839172363 -27.65567970275879 -28.951967239379883 1.5000545300770023 14.377697911647644 
5.451338768005371 -27.688026428222656 -28.86126136779785 1.5650871238614537 14.25881635223021 
5.466928482055664 -27.706737518310547 -28.80879020690918 1.4296377544922867 8.558077331885274 
5.45617151260376 -27.745336532592773 -28.759258270263672 1.4214733338240817 8.501446002160623 
5.429660797119141 -27.778457641601562 -28.668703079223633 1.4216400195625531 8.407683340690884 
5.4031500816345215 -27.81157875061035 -28.578147888183594 1.4185115396817025 8.657707614269455 
5.376638889312744 -27.84469985961914 -28.487594604492188 1.4353449122573543 8.577962301890707 
5.350128173828125 -27.87782096862793 -28.39703941345215 1.4626697014847143 8.645605697103942 
5.323617458343506 -27.91094207763672 -28.30648422241211 1.4908042851663565 8.760954468539484 
5.297106742858887 -27.944061279296875 -28.21592903137207 1.5218777397839343 8.92375654024145 
5.270595550537109 -27.977182388305664 -28.12537384033203 1.5532932038686404 8.89142942641242 
5.24408483505249 -28.010303497314453 -28.034818649291992 1.5997070386124401 8.859150300311576 
5.22428560256958 -28.0350399017334 -27.96718978881836 1.578598094162998 15.367807493769359 
5.185790061950684 -28.068899154663086 -27.881330490112305 1.6144041786128787 15.429755797035634 
5.147294044494629 -28.10275650024414 -27.795473098754883 1.6627266118943074 8.640086645967491 
5.108798503875732 -28.136615753173828 -27.709613800048828 1.7119190696662587 15.488151215291879 
5.070302963256836 -28.170473098754883 -27.623756408691406 1.7721840102825568 2.049764407959889 
5.0318074226379395 -28.20433235168457 -27.53789710998535 1.7873338908296725 15.475338825056374 
5.001985549926758 -28.229923248291016 -27.47089195251465 1.7563337726559483 1.958594573121747 
4.949305057525635 -28.259254455566406 -27.391115188598633 1.808747068456538 14.987812997089177 
4.89662504196167 -28.288585662841797 -27.311336517333984 1.8551712454392173 15.020922232201318 
4.843944549560547 -28.317916870117188 -27.23155975341797 1.8835005004006244 15.099488964523575 
4.791264533996582 -28.347248077392578 -27.15178108215332 1.912023176240216 15.170194087545045 
4.738584041595459 -28.37657928466797 -27.072004318237305 1.940721126751986 15.234125935024268 
4.685903549194336 -28.40591049194336 -26.992225646972656 1.9709065967250692 15.299609198408717 
4.666983127593994 -28.416444778442383 -26.963573455810547 1.8771582495333632 2.0505746524801944 
4.577773571014404 -28.420501708984375 -26.91857147216797 1.8693169781933752 2.0401282310393354 
4.4885640144348145 -28.424560546875 -26.87356948852539 1.8548828533849278 2.0297620398259637 
4.399354457855225 -28.428617477416992 -26.828567504882812 1.85341446793847 2.0194695849951234 
4.320896625518799 -28.432186126708984 -26.78898811340332 1.8986216857309837 2.402602639692248 
4.258580207824707 -28.39960479736328 -26.741697311401367 1.9131141342732765 9.328229461293754 
4.234007835388184 -28.381996154785156 -26.722965240478516 1.900344314489708 10.167292311610762 
4.15378475189209 -28.34215545654297 -26.678503036499023 1.8993534719357508 10.0945925121154 
4.073561191558838 -28.30231475830078 -26.63404083251953 1.8850712568701868 10.022730351812346 
3.993338108062744 -28.26247215270996 -26.589576721191406 1.8269113770073444 9.97169316062802 
3.9131150245666504 -28.222631454467773 -26.545114517211914 1.7848026210248409 9.947971958973834 
3.8328917026519775 -28.182790756225586 -26.500652313232422 1.7535647924877231 9.754079737948931 
3.752668619155884 -28.1429500579834 -26.45619010925293 1.708515616204544 9.521684220900493 
3.672445297241211 -28.103107452392578 -26.411727905273438 1.6690794705882424 9.744918043007967 
3.6213831901550293 -28.077749252319336 -26.383426666259766 1.6282365917305397 9.70959632728851 
3.5429329872131348 -28.039424896240234 -26.334672927856445 1.6071682162888565 9.623917688937915 
3.4644827842712402 -28.001102447509766 -26.285921096801758 1.585843186893754 9.53830231313312 
3.3860325813293457 -27.962778091430664 -26.237167358398438 1.5778366674234645 9.35346760077863 
3.3232271671295166 -27.932096481323242 -26.198137283325195 1.5839874606522482 8.95787205838771 
3.2300808429718018 -27.906719207763672 -26.17206573486328 1.571980228488476 9.184862762982343 
3.136934518814087 -27.8813419342041 -26.145992279052734 1.553231387885173 9.390067021109727 
3.043788194656372 -27.85596466064453 -26.11992073059082 1.5354146999660707 9.750641644464627 
2.9506418704986572 -27.83058738708496 -26.093849182128906 1.518559273153455 10.129841586114614 
2.907674551010132 -27.81888198852539 -26.08182144165039 1.526310345770876 2.661856436183054 
2.81192946434021 -27.821125030517578 -26.053049087524414 1.5393297819993668 2.7139266015658223 
2.716184139251709 -27.823368072509766 -26.024276733398438 1.5114655522506177 2.742600131112706 
2.620439052581787 -27.825611114501953 -25.99550437927246 1.4639214000655205 2.7728538519251775 
2.5246939659118652 -27.82785415649414 -25.966733932495117 1.4401552130078419 2.8046115673055603 
2.4289486408233643 -27.830097198486328 -25.93796157836914 1.4068347765681135 2.81815190134455 
2.3546197414398193 -27.831838607788086 -25.915624618530273 1.4370130638173444 2.69019341065299 
2.264995813369751 -27.86516761779785 -25.886354446411133 1.4119425277676374 2.706820094930914 
2.1753718852996826 -27.898496627807617 -25.857084274291992 1.37617846695411 2.7151029870984096 
2.0857479572296143 -27.931825637817383 -25.82781410217285 1.3561867788354107 2.724728267710292 
2.0236852169036865 -27.954904556274414 -25.807544708251953 1.3226928053825038 21.098675809106535 
1.9396833181381226 -27.99639129638672 -25.772579193115234 1.3205814778366363 2.718823969658641 
1.8924325704574585 -28.01972770690918 -25.752912521362305 1.3263245091309654 2.7170111148192277 
1.8140145540237427 -28.077011108398438 -25.729055404663086 1.3272791604197238 13.045405915427484 
1.7355965375900269 -28.134294509887695 -25.705198287963867 1.2853661075099623 2.6100206151062815 
1.7206532955169678 -28.143651962280273 -25.701547622680664 1.2580824834777866 21.5901288839281 
1.6350032091140747 -28.190610885620117 -25.680124282836914 1.254423368692411 2.586102201303927 
1.5493532419204712 -28.23756980895996 -25.658700942993164 1.2527569311931184 21.625391925876894 
1.4637031555175781 -28.284528732299805 -25.637277603149414 1.237358463246926 2.5722414270676226 
1.3780531883239746 -28.331485748291016 -25.615854263305664 1.2310590090964324 21.75363574904214 
1.2924031019210815 -28.37844467163086 -25.594430923461914 1.2361640617736953 2.5524979510584855 
1.2067530155181885 -28.425403594970703 -25.573007583618164 1.2424963664858568 13.110055996071383 
1.121103048324585 -28.472362518310547 -25.551584243774414 1.2367417283780646 21.629265759262378 
1.093786597251892 -28.48733901977539 -25.54475212097168 1.2685625169478074 12.892505056689892 
1.0336928367614746 -28.538541793823242 -25.521940231323242 1.2777158592892524 2.8288423400211333 
0.948581337928772 -28.58742904663086 -25.5028076171875 1.2740633095641483 6.34589310409392 
0.8634698390960693 -28.636316299438477 -25.483673095703125 1.2896448257744924 6.400146537155155 
0.7833720445632935 -28.682323455810547 -25.465667724609375 1.308233593375448 2.9714399700902026 
0.7398883104324341 -28.703960418701172 -25.452653884887695 1.2907655675640415 21.23282407397313 
0.649792492389679 -28.729263305664062 -25.417404174804688 1.2897440379626115 21.295671315374296 
0.559696614742279 -28.75456428527832 -25.38215446472168 1.2988772627053278 3.0176426288279896 
0.4696007966995239 -28.77986717224121 -25.346904754638672 1.2884937352486154 21.401971224757244 
0.4542100131511688 -28.784189224243164 -25.340883255004883 1.2785537123281256 7.0075395588709535 
0.36496660113334656 -28.792356491088867 -25.296510696411133 1.2891367117905712 7.039743411854561 
0.2757231891155243 -28.800521850585938 -25.252138137817383 1.2852412324729527 6.986426934631233 
0.19008181989192963 -28.808359146118164 -25.209556579589844 1.2993613297372602 7.021298393319605 
0.16735805571079254 -28.814977645874023 -25.198135375976562 1.2865610514318286 6.264655171417827 
0.08909222483634949 -28.831623077392578 -25.13815689086914 1.292181697979476 6.229020326139311 
0.01082638930529356 -28.848268508911133 -25.07817840576172 1.3079892368118409 6.1395385218403735 
-0.06743944436311722 -28.864912033081055 -25.018199920654297 1.3186529711794588 6.022449527017873 
-0.14570528268814087 -28.88155746459961 -24.958221435546875 1.3295153146160863 4.959668876591158 
-0.17641916871070862 -28.888090133666992 -24.93468475341797 1.3902757377158068 4.613279056825289 
-0.2533244490623474 -28.893600463867188 -24.871004104614258 1.4372812483125847 4.491682730813252 
-0.3302296996116638 -28.89910888671875 -24.807323455810547 1.4728086027644813 4.3720882302901 
-0.4071349799633026 -28.904619216918945 -24.743642807006836 1.5266123223885522 4.320264361718802 
-0.4840402603149414 -28.910127639770508 -24.679962158203125 1.560017155451752 16.10079380512635 
-0.5609455108642578 -28.915637969970703 -24.616281509399414 1.6100278613686285 4.462056731996704 
-0.6378507614135742 -28.921146392822266 -24.552600860595703 1.673735766701299 16.04130456244738 
-0.7147560715675354 -28.92665672302246 -24.488920211791992 1.7471938011539776 5.013566130556489 
-0.7391680479049683 -28.92840576171875 -24.468706130981445 1.691868049373018 8.046726990326228 
-0.7822535037994385 -28.939685821533203 -24.414304733276367 1.7771100997324325 7.1447573903812875 
-0.8528496623039246 -28.942441940307617 -24.34353256225586 1.8264107856646454 7.26926501523001 
-0.9088809490203857 -28.944629669189453 -24.287363052368164 1.8993951716389699 5.592088537056817 
-0.997199535369873 -28.958650588989258 -24.242605209350586 1.9230418692811355 5.627494520237693 
-1.0855181217193604 -28.972671508789062 -24.197847366333008 1.9276849720988851 5.64284550129919 
-1.1738367080688477 -28.9866943359375 -24.153091430664062 1.9029314582972114 20.393721367884496 
-1.2582628726959229 -29.000097274780273 -24.110305786132812 1.864685933509004 4.848261967954832 
-1.3332997560501099 -28.953691482543945 -24.063230514526367 1.8645979963945498 4.886504828933644 
-1.3713932037353516 -28.930133819580078 -24.03933334350586 1.8905941660684906 7.7215869964455175 
-1.437283992767334 -28.910531997680664 -23.96670913696289 1.880856193326256 7.642269464092424 
-1.503174901008606 -28.89093017578125 -23.894086837768555 1.8751031044874027 7.562791390153823 
-1.5261229276657104 -28.884103775024414 -23.868793487548828 1.8384369432315806 15.395662971924393 
-1.5921398401260376 -28.870641708374023 -23.794897079467773 1.8115917723584478 7.732248614189299 
-1.657827615737915 -28.857248306274414 -23.721370697021484 1.8177047017915606 7.869972495264966 
-1.715582251548767 -28.831226348876953 -23.643993377685547 1.7653581136227994 7.989451336608107 
-1.7733370065689087 -28.805206298828125 -23.56661605834961 1.7323808420662727 7.979194597781025 
-1.8310916423797607 -28.779184341430664 -23.489238739013672 1.7103760379566906 7.882821777841799 
-1.8888463973999023 -28.753162384033203 -23.411861419677734 1.6977815415362574 8.134267507535524 
-1.8994561433792114 -28.748382568359375 -23.397645950317383 1.6940637609162268 7.971626277724276 
-1.9601237773895264 -28.727375030517578 -23.32097625732422 1.6907535926963349 7.872196984808682 
-1.9802865982055664 -28.720394134521484 -23.295495986938477 1.690387749655721 15.78382729130446 
-2.0532283782958984 -28.70285415649414 -23.2293758392334 1.6840373072236816 7.736748307884564 
-2.0609970092773438 -28.700986862182617 -23.222333908081055 1.724925451362953 7.9287748869065595 
-2.133364200592041 -28.653884887695312 -23.171892166137695 1.7291095713337847 7.952348604572296 
-2.2057313919067383 -28.606782913208008 -23.121450424194336 1.729456348238456 7.988853641370486 
-2.2337403297424316 -28.587909698486328 -23.10164451599121 1.6694779267591502 7.935520666773274 
-2.298387050628662 -28.522329330444336 -23.06265640258789 1.6384163778869958 7.94357340992623 
-2.3630337715148926 -28.456750869750977 -23.02366828918457 1.6178734846663692 7.964500636068394 
-2.427680253982544 -28.391170501708984 -22.984678268432617 1.6057804171421841 7.985501777135482 
-2.4923269748687744 -28.325590133666992 -22.945690155029297 1.5941999746331952 7.960824755610514 
-2.556973695755005 -28.260011672973633 -22.906702041625977 1.5110455231387219 7.968193689299027 
-2.6162455081939697 -28.19367027282715 -22.876052856445312 1.497481061160212 7.782418765674687 
-2.6786370277404785 -28.128801345825195 -22.832469940185547 1.4564544776828203 7.828671808804778 
-2.7410285472869873 -28.063934326171875 -22.788888931274414 1.4287398709354986 7.810161366757465 
-2.803420305252075 -27.999065399169922 -22.74530601501465 1.3993547721215664 7.701938759401462 
-2.865811824798584 -27.9341983795166 -22.701723098754883 1.3722663506162465 7.974326015864177 
-2.9282033443450928 -27.86932945251465 -22.65814208984375 1.3475746834701772 7.953452630893109 
-2.9569928646087646 -27.839397430419922 -22.638031005859375 1.3240093370027586 7.806337596458392 
-2.9980411529541016 -27.788286209106445 -22.60887908935547 1.315842794465577 7.935345671655119 
-3.0615463256835938 -27.724729537963867 -22.56497573852539 1.3080401765109269 7.884068247211417 
-3.125051498413086 -27.661170959472656 -22.52107048034668 1.30491260673263 7.82046568768296 
-3.188556671142578 -27.597614288330078 -22.4771671295166 1.3222700409887003 7.865450226302848 
-3.252061605453491 -27.5340576171875 -22.43326187133789 1.3493358732393668 7.442095208582666 
-3.3155667781829834 -27.470500946044922 -22.389358520507812 1.3780737842831756 7.216865535533839 
-3.3790719509124756 -27.40694236755371 -22.3454532623291 1.3934488564745644 6.99758050865551 
-3.4425771236419678 -27.343385696411133 -22.301549911499023 1.4069740953202223 6.735594194716438 
-3.4589953422546387 -27.326953887939453 -22.290199279785156 1.4281955090297125 16.570100225523706 
-3.529822587966919 -27.259092330932617 -22.270750045776367 1.4422043688219526 16.596592855647085 
-3.599140167236328 -27.192676544189453 -22.2517147064209 1.4830292338393454 15.681147329313623 
-3.6450443267822266 -27.148588180541992 -22.235939025878906 1.5364099409918983 6.655653904010082 
-3.6892783641815186 -27.080615997314453 -22.177431106567383 1.5857851121389943 6.610611859114214 
-3.7335124015808105 -27.012645721435547 -22.118921279907227 1.638071006728473 6.570467398452413 
-3.7777464389801025 -26.944673538208008 -22.060413360595703 1.6930546890673375 6.54119705301367 
-3.8219804763793945 -26.8767032623291 -22.00190544128418 1.7531453083459467 6.533587083235876 
-3.8662145137786865 -26.808731079101562 -21.943395614624023 1.8182785806263961 6.526585592442874 
-3.9104485511779785 -26.740760803222656 -21.8848876953125 1.88440367961837 6.520180023195717 
-3.9546825885772705 -26.672788619995117 -21.826379776000977 1.9507559695795433 6.512809041555985 
-3.9989166259765625 -26.60481834411621 -21.767871856689453 2.0514517930257905 6.482682315004563 
-4.043150901794434 -26.536846160888672 -21.709362030029297 2.160808409351587 6.453193517451419 
-4.052581787109375 -26.522354125976562 -21.696887969970703 1.9711845806195776 5.4261305757393 
-4.074090957641602 -26.47451400756836 -21.61174774169922 2.0366945951059066 5.2979169066283855 
-4.0823235511779785 -26.45620346069336 -21.579160690307617 2.130450596822676 5.032440681164243 
-4.0876336097717285 -26.40026092529297 -21.496442794799805 2.147287254560896 4.8281462537925135 
-4.0929436683654785 -26.344318389892578 -21.413724899291992 2.168417495047926 4.895256232474343 
-4.0982537269592285 -26.28837776184082 -21.33100700378418 2.1915870137408935 4.962429621583289 
-4.10356330871582 -26.23243522644043 -21.248289108276367 2.1832155082793734 4.996292038610999 
-4.10887336730957 -26.17649269104004 -21.165571212768555 2.178291952463282 5.018097120071156 
-4.114073276519775 -26.12171173095703 -21.084569931030273 2.2330039678239793 5.157847549288396 
-4.0783586502075195 -26.08133888244629 -21.000341415405273 2.2925310097722877 5.115230237030151 
-4.065480709075928 -26.066997528076172 -20.971620559692383 2.1445905239628105 5.515753021922598 
-4.023576736450195 -25.992839813232422 -20.919231414794922 2.1404465764254965 5.349530231816489 
-4.0205559730529785 -25.98749351501465 -20.915454864501953 2.1407739016914342 5.299611614398854 
-3.9787278175354004 -25.914369583129883 -20.861574172973633 2.1404142533419224 5.1404305742090495 
-3.9368999004364014 -25.841243743896484 -20.807693481445312 2.145157226878516 4.979753143263886 
-3.914034128189087 -25.80126953125 -20.77823829650879 2.1459389435307554 5.136399363272671 
-3.8811686038970947 -25.747879028320312 -20.73911476135254 2.1471820247138576 5.395362392668254 
-3.8327291011810303 -25.678667068481445 -20.685606002807617 2.1509270499809032 12.411049477137459 
-3.7855865955352783 -25.61130714416504 -20.633529663085938 2.1735821983676775 4.829815692214896 
-3.737699270248413 -25.54898452758789 -20.57170295715332 2.1826942606086543 4.6840363609695865 
-3.689811944961548 -25.48666000366211 -20.50987434387207 2.191803596210566 4.658294107081164 
-3.6419246196746826 -25.42433738708496 -20.448047637939453 2.200914983810212 9.623214522680264 
-3.619103193283081 -25.394636154174805 -20.418582916259766 2.211060356739293 4.828887264681256 
-3.5868093967437744 -25.340953826904297 -20.340639114379883 2.2280008276350007 4.818931174577714 
-3.5545153617858887 -25.28727149963379 -20.2626953125 2.2483454631218516 4.809772623418945 
-3.522221565246582 -25.23358917236328 -20.184749603271484 2.2698748796571118 4.788844522243931 
-3.4899275302886963 -25.179906845092773 -20.1068058013916 2.292856562002747 4.747625807056082 
-3.4576337337493896 -25.126224517822266 -20.02886199951172 2.3051910554110373 4.7067946662383955 
-3.425339698791504 -25.072542190551758 -19.950918197631836 2.298486216714383 4.657017030013821 
-3.405349016189575 -25.019075393676758 -19.877262115478516 2.783906669937945 8.121058491198896 
-3.4623470306396484 -24.979333877563477 -19.805347442626953 2.8022076424096376 13.206466432401529 
-3.5093154907226562 -24.946447372436523 -19.745803833007812 2.7767684956886116 7.934922609298054 
-3.5618033409118652 -24.895750045776367 -19.677431106567383 2.746090340394472 8.024097064953295 
-3.6142914295196533 -24.845054626464844 -19.609058380126953 2.6981039544530323 8.102188034530945 
-3.6667792797088623 -24.794357299804688 -19.540685653686523 2.6524210659336753 8.135658508383967 
-3.7192673683166504 -24.74365997314453 -19.472312927246094 2.6102483986176366 8.169949270925748 
-3.7717552185058594 -24.692962646484375 -19.403940200805664 2.571297538733819 8.203470513540992 
-3.8242433071136475 -24.64226722717285 -19.335567474365234 2.5007120402646406 13.213079172607346 
-3.8767311573028564 -24.591569900512695 -19.267192840576172 2.3223593159012688 8.259983924092891 
-3.9292192459106445 -24.54087257385254 -19.198820114135742 2.179164609684725 8.28487890746724 
-3.9817070960998535 -24.490177154541016 -19.130447387695312 2.0415183061671667 8.311165651021716 
-4.020910739898682 -24.45231056213379 -19.07938003540039 1.9987542500360302 9.692069399230132 
-4.0779194831848145 -24.40794563293457 -19.010229110717773 1.9010300788128223 13.025518011108506 
-4.1349287033081055 -24.36358070373535 -18.94108009338379 1.8253093431553185 10.100984799043323 
-4.189582347869873 -24.321048736572266 -18.874786376953125 1.7355519011634792 12.981256821338066 
-4.249555587768555 -24.26746940612793 -18.815351486206055 1.6648606378452708 10.335560819768705 
-4.309528827667236 -24.213890075683594 -18.755918502807617 1.612621073755613 10.39901713773903 
-4.369502067565918 -24.160310745239258 -18.696483612060547 1.579872812627545 10.462703208766705 
-4.4294753074646 -24.10672950744629 -18.637048721313477 1.5533235382626338 10.531008819983564 
-4.463291645050049 -24.076519012451172 -18.60353660583496 1.5100664237084243 12.9928051944911 
-4.514734268188477 -24.022117614746094 -18.537248611450195 1.4811622165365699 9.743119963518502 
-4.5661773681640625 -23.967714309692383 -18.47096061706543 1.4544020666185355 9.927982619510557 
-4.61761999130249 -23.913312911987305 -18.404674530029297 1.4371140608622908 10.053896975083084 
-4.669062614440918 -23.858909606933594 -18.33838653564453 1.4210123176878104 10.122098572591144 
-4.705255031585693 -23.82035255432129 -18.29189109802246 1.4154835130104257 9.657488832632904 
-4.754016399383545 -23.752161026000977 -18.23737335205078 1.419047532238299 9.81926777147676 
-4.802778244018555 -23.683969497680664 -18.1828556060791 1.4301678629323538 9.966466884330414 
-4.851539611816406 -23.61577796936035 -18.128337860107422 1.4398825308098677 10.067301545026423 
-4.900300979614258 -23.547584533691406 -18.073820114135742 1.462071779286901 10.31821716932803 
-4.931575775146484 -23.509431838989258 -18.036664962768555 1.4697860848917104 10.395566524993017 
-4.983336925506592 -23.445720672607422 -17.97955322265625 1.4824112783161048 10.440777111420513 
-5.035098075866699 -23.382009506225586 -17.922443389892578 1.499798890907839 10.481832297732073 
-5.035849571228027 -23.381084442138672 -17.921613693237305 1.5021652175094116 9.283788417682128 
-5.075864791870117 -23.309734344482422 -17.864099502563477 1.5430581180972893 12.278980525614646 
-5.082575798034668 -23.297767639160156 -17.854454040527344 1.5607442470447297 10.06190754025011 
-5.126223087310791 -23.237104415893555 -17.788009643554688 1.5944790316356998 12.981016806660461 
-5.169870376586914 -23.176441192626953 -17.72156524658203 1.636272154724699 10.191539766283938 
-5.213517189025879 -23.11577796936035 -17.655120849609375 1.6534982203533148 3.3336990681465326 
-5.233456611633301 -23.088375091552734 -17.625200271606445 1.6374471492074998 13.053634159855674 
-5.288915634155273 -23.029605865478516 -17.566287994384766 1.6406916661058721 3.352396697118057 
-5.310844898223877 -23.00636863708496 -17.542993545532227 1.673591877878178 12.856347068557795 
-5.348648548126221 -22.951086044311523 -17.468732833862305 1.6915116920226092 12.761005475622042 
-5.3864521980285645 -22.895801544189453 -17.394472122192383 1.7038796607416307 10.356435194525648 
-5.41420316696167 -22.857126235961914 -17.343637466430664 1.776142490146679 5.366573435005009 
-5.4394049644470215 -22.800037384033203 -17.2654972076416 1.8086139085220676 5.434685922639203 
-5.464606285095215 -22.742948532104492 -17.187358856201172 1.8412180700057446 5.502558054191729 
-5.475951671600342 -22.717248916625977 -17.15218162536621 1.7688961965826822 11.657964004921304 
-5.532839775085449 -22.674928665161133 -17.0816650390625 1.759963574337844 11.689158972887729 
-5.543182373046875 -22.667234420776367 -17.068843841552734 1.7446649856423584 12.008922970138874 
-5.605908393859863 -22.630868911743164 -16.999975204467773 1.7463550802365035 12.040467516581344 
-5.66863489151001 -22.59450340270996 -16.93110466003418 1.7564611276931685 12.072719326175305 
-5.674875736236572 -22.590885162353516 -16.924253463745117 1.8169143442905284 11.151281458190574 
-5.713268280029297 -22.55233383178711 -16.848323822021484 1.7754753985769507 10.602968809134435 
-5.74538516998291 -22.50975799560547 -16.763731002807617 1.7462333081034669 10.613398270980772 
-5.777502536773682 -22.46718406677246 -16.679140090942383 1.7242686115764452 10.62410163227315 
-5.809619426727295 -22.42460823059082 -16.594547271728516 1.708413596872689 10.61727512792454 
-5.814978122711182 -22.417505264282227 -16.580432891845703 1.7026306485434315 11.058358369484742 
-5.817040920257568 -22.39063835144043 -16.484130859375 1.7037786107088022 10.927343940874591 
-5.817325592041016 -22.386934280395508 -16.470853805541992 1.7110044313530475 7.925119220610574 
-5.818959712982178 -22.327157974243164 -16.390703201293945 1.7078103126023907 7.956247959598144 
-5.820593357086182 -22.267383575439453 -16.310550689697266 1.7000724987903917 7.987491419938556 
-5.822227478027344 -22.20760726928711 -16.23040008544922 1.6722820221799743 8.003531672286957 
-5.823861598968506 -22.147830963134766 -16.150249481201172 1.62123978166964 13.626148951809439 
-5.825495719909668 -22.088056564331055 -16.070098876953125 1.5731524117862459 13.370857320330995 
-5.827129364013672 -22.02828025817871 -15.989947319030762 1.5160490773808033 13.227740499968004 
-5.828763484954834 -21.968503952026367 -15.909795761108398 1.4656979373534573 13.219812906362638 
-5.829551696777344 -21.93967056274414 -15.871133804321289 1.4241190579371419 7.985118097807537 
-5.8295674324035645 -21.873746871948242 -15.795940399169922 1.3733159974693594 8.007758341330524 
-5.829583168029785 -21.807823181152344 -15.720746994018555 1.3347584461514983 13.202128677341861 
-5.831379413604736 -21.77901840209961 -15.684911727905273 1.3103837600835266 13.044381560122442 
-5.8412370681762695 -21.718894958496094 -15.605615615844727 1.2852379637416884 12.962935778982546 
-5.851094722747803 -21.658769607543945 -15.526318550109863 1.2876840854718317 12.97038708224318 
-5.859289169311523 -21.602203369140625 -15.451983451843262 1.2551916824575535 13.22892989920471 
-5.850058078765869 -21.54520034790039 -15.370341300964355 1.255241649515576 13.216300671160411 
-5.840826511383057 -21.488197326660156 -15.28869915008545 1.2557064745581497 11.00677549053244 
-5.831595420837402 -21.431194305419922 -15.207056999206543 1.2513181662484234 8.285785274202349 
-5.833771705627441 -21.388547897338867 -15.166885375976562 1.2559071662604901 12.939258574377984 
-5.83984899520874 -21.32634925842285 -15.08881950378418 1.2428289618287685 12.851975775639968 
-5.840307235717773 -21.321657180786133 -15.082931518554688 1.2118897344375028 8.038280979544451 
-5.820347309112549 -21.250350952148438 -15.01572322845459 1.2184629873160673 8.078898616305969 
-5.800387859344482 -21.17904281616211 -14.948514938354492 1.2250371677629759 8.093443987864198 
-5.780427932739258 -21.107736587524414 -14.881307601928711 1.226196600779494 8.100764978693475 
-5.760468006134033 -21.03643035888672 -14.814099311828613 1.2326735404125773 8.108493946070052 
-5.758126258850098 -21.02806282043457 -14.80621337890625 1.2348721994090421 13.48128041704081 
-5.742249488830566 -20.963523864746094 -14.731496810913086 1.2373241195907396 13.525188460281305 
-5.726373195648193 -20.898983001708984 -14.656780242919922 1.2480400520275567 13.569155705293152 
-5.720861911773682 -20.87657928466797 -14.630844116210938 1.2558753310624415 13.049439211192887 
-5.718936920166016 -20.81140899658203 -14.555020332336426 1.2546560779544123 12.989870282584205 
-5.7183942794799805 -20.793039321899414 -14.533646583557129 1.2857186122866207 8.746309062883784 
-5.7032976150512695 -20.719221115112305 -14.467896461486816 1.3125022207086467 14.343501403957472 
-5.6882004737854 -20.645404815673828 -14.402146339416504 1.3538013563332687 14.268355512755056 
-5.6731038093566895 -20.57158660888672 -14.336396217346191 1.3878589141514623 14.158568817186467 
-5.6580071449279785 -20.497770309448242 -14.270646095275879 1.4155799942996155 14.049383323130607 
-5.642910003662109 -20.423952102661133 -14.204895973205566 1.451312019144026 14.259701921629887 
-5.6422247886657715 -20.42081642150879 -14.202193260192871 1.4375930123745397 11.783447066019203 
-5.62117862701416 -20.34281349182129 -14.143265724182129 1.4682407744681383 11.851383718445542 
-5.619685649871826 -20.337278366088867 -14.139084815979004 1.4810722940119792 13.553956840221076 
-5.610344409942627 -20.26335334777832 -14.072392463684082 1.5211026742096827 13.55659646232087 
-5.607762813568115 -20.242923736572266 -14.053960800170898 1.539691037125924 13.86432351472427 
-5.584417819976807 -20.175518035888672 -13.983878135681152 1.5841295699964442 13.459699380995017 
-5.561073303222656 -20.10811424255371 -13.913795471191406 1.6116743223690118 13.493368381619211 
-5.537728309631348 -20.040708541870117 -13.84371280670166 1.605578346385949 13.527180110225705 
-5.520018100738525 -19.989572525024414 -13.790544509887695 1.616440116016877 12.567753649373735 
-5.491576194763184 -19.951427459716797 -13.723971366882324 1.5937324067874123 3.4709765672749646 
-5.481289863586426 -19.939624786376953 -13.625204086303711 1.5915957916360515 10.768615206094617 
-5.4796142578125 -19.937702178955078 -13.609116554260254 1.5895322838864052 10.759793646670946 
-5.471794128417969 -19.924837112426758 -13.51025676727295 1.5743527564971138 10.75086329027338 
-5.468801498413086 -19.919912338256836 -13.47242259979248 1.5517331978301185 10.662180925314495 
-5.468775272369385 -19.913904190063477 -13.372603416442871 1.540857085755117 10.699219338855231 
-5.468749046325684 -19.907894134521484 -13.272784233093262 1.5187976593159145 10.638157409856415 
-5.468722820281982 -19.901885986328125 -13.172965049743652 1.490911509202648 10.467292270579378 
-5.4686970710754395 -19.895875930786133 -13.073145866394043 1.4645670254586791 10.296850391645439 
-5.468670845031738 -19.889867782592773 -12.973325729370117 1.4446638418243893 3.744061167302255 
-5.468644618988037 -19.88385772705078 -12.873506546020508 1.4310358901077966 10.079829807619937 
-5.468618392944336 -19.877849578857422 -12.773687362670898 1.4197793299298465 9.948465248277568 
-5.468597888946533 -19.87313461303711 -12.695380210876465 1.4406541540054525 3.5596534829602287 
-5.453788757324219 -19.88773536682129 -12.597566604614258 1.4293737339380546 3.538694766040038 
-5.438979625701904 -19.90233612060547 -12.49975299835205 1.4196362483435765 8.79492290499614 
-5.42417049407959 -19.91693687438965 -12.401939392089844 1.4092439623385284 8.502950809853685 
-5.409361362457275 -19.931535720825195 -12.304125785827637 1.4061265379170407 3.6050634438411824 
-5.394552230834961 -19.946136474609375 -12.20631217956543 1.404670126898634 3.6780035309515213 
-5.3879714012146 -19.952625274658203 -12.16284465789795 1.4236380158287925 13.866443048648932 
-5.375288963317871 -19.985877990722656 -12.069392204284668 1.4304239189532835 13.819747609336941 
-5.362607002258301 -20.019132614135742 -11.975939750671387 1.4390578686155742 13.77365816369549 
-5.362149715423584 -20.02033042907715 -11.97257137298584 1.4341774356416437 3.5929913763346986 
-5.358606338500977 -20.05512046813965 -11.878885269165039 1.4354318912883766 12.55244065363246 
-5.355062961578369 -20.08991241455078 -11.785199165344238 1.4358096252813592 13.72630758423055 
-5.354607105255127 -20.09438705444336 -11.773148536682129 1.4370079257305772 3.620439211396231 
-5.371771812438965 -20.125280380249023 -11.679601669311523 1.4276102984286638 3.679914985339797 
-5.3889360427856445 -20.156173706054688 -11.586054801940918 1.4212276066009624 3.733658439351536 
-5.406100749969482 -20.18706703186035 -11.492507934570312 1.4133439243006432 3.7885964186576264 
-5.406120300292969 -20.187101364135742 -11.492402076721191 1.4100749950591636 9.129035826169114 
-5.431069850921631 -20.222976684570312 -11.40245532989502 1.413201151229598 3.7531367366052777 
-5.456018924713135 -20.258852005004883 -11.312507629394531 1.407773975864074 3.7942151594691516 
-5.45995569229126 -20.26451301574707 -11.29831600189209 1.4116734734861487 5.986325128717897 
-5.499173164367676 -20.313390731811523 -11.22038745880127 1.4026759503266601 12.378310002593333 
-5.538390636444092 -20.36227035522461 -11.142457962036133 1.388090168987061 11.995435793874007 
-5.577608108520508 -20.411148071289062 -11.064529418945312 1.3924100130901258 12.138773945911224 
-5.591611385345459 -20.428600311279297 -11.036704063415527 1.3947779132568028 12.156957765229784 
-5.653472900390625 -20.456907272338867 -10.963411331176758 1.3840104027546105 12.192642657045722 
-5.715333938598633 -20.48521614074707 -10.890117645263672 1.374477466265058 4.090984828185751 
-5.728618621826172 -20.49269676208496 -10.873811721801758 1.3776522780468219 4.139716569390693 
-5.793248653411865 -20.52332305908203 -10.803918838500977 1.3576837927243512 4.167724343288246 
-5.857879161834717 -20.5539493560791 -10.734026908874512 1.339576483710224 4.195742071905165 
-5.92250919342041 -20.584575653076172 -10.66413402557373 1.3215617407364495 4.223770340758694 
-5.9871392250061035 -20.615201950073242 -10.594242095947266 1.2910740022705434 4.258250393580375 
-6.051769256591797 -20.645828247070312 -10.524349212646484 1.2969168087084426 10.159670070277755 
-6.116399765014648 -20.676454544067383 -10.454456329345703 1.3064842289549963 4.299324391582672 
-6.176182746887207 -20.706180572509766 -10.388087272644043 1.317741556326974 4.3066349433115985 
-6.243223190307617 -20.739477157592773 -10.32177734375 1.3137696696695116 4.3170257390373274 
-6.302501678466797 -20.768917083740234 -10.263145446777344 1.326574382344211 4.310447453827961 
-6.359213829040527 -20.793542861938477 -10.198622703552246 1.3345642201873944 4.325562667745599 
-6.419169902801514 -20.824087142944336 -10.12622356414795 1.3749604148567667 4.274149087869909 
-6.47700834274292 -20.84103775024414 -10.046427726745605 1.4038334400433718 4.408456917790012 
-6.534846782684326 -20.857988357543945 -9.966631889343262 1.4225434671681716 9.659902746783672 
-6.592685222625732 -20.87493896484375 -9.886836051940918 1.44767747815392 9.418298245256034 
-6.627985954284668 -20.885549545288086 -9.837992668151855 1.4904414637710257 4.320959333032798 
-6.680008888244629 -20.915937423706055 -9.7581787109375 1.51399380891938 4.301510899012145 
-6.732032299041748 -20.94632339477539 -9.678365707397461 1.5125577041778113 7.550606601424569 
-6.7983622550964355 -20.96831703186035 -9.621657371520996 1.5114773554783776 10.064123042942786 
-6.891807556152344 -20.96729278564453 -9.586063385009766 1.503161359448937 10.145077002274764 
-6.985252380371094 -20.96626853942871 -9.550468444824219 1.4949453618901676 10.226710037416495 
-7.078697681427002 -20.96524429321289 -9.514874458312988 1.4799573952131273 10.368543317693698 
-7.14035177230835 -20.964569091796875 -9.491389274597168 1.4584521992377573 10.391637445752682 
-7.226882457733154 -20.95751190185547 -9.441763877868652 1.4572344485475583 10.419385201580123 
-7.313413143157959 -20.950456619262695 -9.392138481140137 1.4514994095462843 9.833547101584156 
-7.3999433517456055 -20.94339942932129 -9.342514038085938 1.4536266479969928 9.846400062212279 
-7.41225004196167 -20.94239616394043 -9.335455894470215 1.4646055434719847 9.944200726425004 
-7.506434440612793 -20.92449188232422 -9.307018280029297 1.4439495710720867 9.976215608277597 
-7.600619316101074 -20.906587600708008 -9.278580665588379 1.4461959317598085 10.008581625594523 
-7.694803714752197 -20.888683319091797 -9.250142097473145 1.4180116951583432 10.045241393280042 
-7.7881669998168945 -20.870935440063477 -9.221952438354492 1.3903882036592865 5.337835772201817 
-7.874820232391357 -20.832311630249023 -9.190338134765625 1.3818444871026603 5.5128187505390445 
-7.961472988128662 -20.793689727783203 -9.158722877502441 1.3774471055829354 10.147289282657265 
-8.048126220703125 -20.75506591796875 -9.127108573913574 1.377244776874887 10.053631132838204 
-8.13477897644043 -20.716442108154297 -9.09549331665039 1.3505400846097981 9.982456755210883 
-8.173306465148926 -20.699270248413086 -9.081437110900879 1.3618464610843257 9.817935906137539 
-8.260083198547363 -20.675146102905273 -9.037988662719727 1.3740635671962151 9.818665011462215 
-8.346860885620117 -20.65102195739746 -8.994540214538574 1.3750921055350325 9.821609503501325 
-8.433637619018555 -20.62689781188965 -8.951091766357422 1.3698577265727236 9.824704389034572 
-8.455146789550781 -20.62091827392578 -8.940322875976562 1.377671848637098 13.100746700052138 
-8.53574275970459 -20.57619857788086 -8.901535034179688 1.3902576265148459 13.098048059951864 
-8.616337776184082 -20.531478881835938 -8.862746238708496 1.3860844382672128 13.078868013233954 
-8.69693374633789 -20.486759185791016 -8.823958396911621 1.3970202834556786 13.05972626439344 
-8.777528762817383 -20.442039489746094 -8.785170555114746 1.405908183886691 13.040488762382248 
-8.790915489196777 -20.434612274169922 -8.778727531433105 1.4338600484667292 10.298261184595228 
-8.86726188659668 -20.400970458984375 -8.723597526550293 1.455064352774898 10.193692873204526 
-8.943609237670898 -20.367326736450195 -8.668466567993164 1.4850459770574242 10.088895254264601 
-9.0199556350708 -20.33368492126465 -8.613336563110352 1.508650346297164 9.991603498911024 
-9.09630298614502 -20.3000431060791 -8.558206558227539 1.5241145735859694 9.940179503538163 
-9.129847526550293 -20.285261154174805 -8.53398323059082 1.556450514873846 13.071695495581643 
-9.203756332397461 -20.2452392578125 -8.479801177978516 1.6017058167854572 13.046694034972257 
-9.227410316467285 -20.23242950439453 -8.4624605178833 1.6003111413873357 9.703777741119783 
-9.31269359588623 -20.195262908935547 -8.425780296325684 1.6643456770600589 9.930725382269115 
-9.367920875549316 -20.164779663085938 -8.39340591430664 1.6671189647205522 13.18385783321837 
-9.40224838256836 -20.13998031616211 -8.372218132019043 1.7189133312673797 9.946829075853483 
-9.478399276733398 -20.098161697387695 -8.322697639465332 1.772452089671799 9.88798516638353 
-9.554549217224121 -20.05634307861328 -8.273177146911621 1.8270532871675338 9.829116391940966 
-9.63070011138916 -20.014524459838867 -8.223655700683594 1.8826658971564778 9.78748297138494 
-9.643077850341797 -20.007726669311523 -8.215606689453125 1.9143797161336211 13.237723136050874 
-9.701985359191895 -19.960439682006836 -8.150078773498535 1.9833281481492677 13.280010213835942 
-9.760892868041992 -19.91315460205078 -8.084550857543945 2.0560068335811765 13.227351636888292 
-9.811897277832031 -19.872211456298828 -8.027813911437988 2.032269464685149 13.15615789573681 
-9.874320983886719 -19.83339500427246 -7.960015773773193 2.0826625825496277 13.121382500203904 
-9.919568061828613 -19.80525779724121 -7.910872459411621 2.0830315394777763 13.171855134808528 
-9.985485076904297 -19.757362365722656 -7.852897644042969 2.0773093998763996 13.161928379231277 
-10.051401138305664 -19.709468841552734 -7.794922828674316 2.0722642340393866 13.141293656634565 
-10.117318153381348 -19.66157341003418 -7.736948013305664 2.067904169999554 10.22405251733725 
-10.147729873657227 -19.639476776123047 -7.710200309753418 2.3264165299667754 7.9806226540401 
-10.180144309997559 -19.585372924804688 -7.632598400115967 2.3570544340411876 7.9871715800473915 
-10.212559700012207 -19.531269073486328 -7.554996967315674 2.386339712834102 7.989038705919401 
-10.244974136352539 -19.47716522216797 -7.477395057678223 2.4005598789537155 7.973879461497298 
-10.277388572692871 -19.423059463500977 -7.3997931480407715 2.417676959474351 8.090025484966437 
-10.289801597595215 -19.402341842651367 -7.370076656341553 2.4313241252476177 13.219128709367055 
-10.320981979370117 -19.360498428344727 -7.299063205718994 2.4187292047882445 13.191523340531155 
-10.358858108520508 -19.303009033203125 -7.226534843444824 2.423101084372674 13.212029128770144 
-10.396735191345215 -19.245519638061523 -7.1540069580078125 2.4273379556962076 13.225451407208936 
-10.434611320495605 -19.188030242919922 -7.081478595733643 2.436208619916294 13.229887078043149 
-10.448067665100098 -19.167606353759766 -7.05571174621582 2.6982334391708034 7.595614820093289 
-10.44983959197998 -19.10605239868164 -6.976921081542969 2.773420738052421 7.567857352955151 
-10.450000762939453 -19.1004638671875 -6.969767093658447 2.5072616470898343 12.41077702778941 
-10.474019050598145 -19.0102481842041 -6.933929920196533 2.50613540984068 16.160096895787166 
-10.498037338256836 -18.920032501220703 -6.898093223571777 2.4847367104170224 12.905831298323875 
-10.522054672241211 -18.829816818237305 -6.862256050109863 2.462728480544202 8.03140858598192 
-10.546072959899902 -18.739601135253906 -6.826418876647949 2.44156980181041 8.07027253215894 
-10.570091247558594 -18.649385452270508 -6.790582180023193 2.4151317520895423 8.109191907307125 
-10.594109535217285 -18.55916976928711 -6.754745006561279 2.397234997388382 8.148186863091857 
-10.61812686920166 -18.468955993652344 -6.718907833099365 2.367880686236711 8.187265168476339 
-10.642145156860352 -18.378740310668945 -6.683071136474609 2.3396927989694984 14.310368626171302 
-10.666163444519043 -18.288524627685547 -6.647233963012695 2.3354780914309887 8.210037850432032 
-10.690181732177734 -18.19830894470215 -6.6113972663879395 2.3368129871104086 8.154683219946145 
-10.701863288879395 -18.154430389404297 -6.593966960906982 2.345416413375431 10.548192364673485 
-10.732654571533203 -18.07036018371582 -6.54942512512207 2.3653019305768654 10.684715194895844 
-10.763445854187012 -17.98628807067871 -6.504883289337158 2.3882848350563304 10.798368703290894 
-10.794238090515137 -17.902217864990234 -6.460341453552246 2.412653024691338 10.88065265389859 
-10.799875259399414 -17.886825561523438 -6.452186584472656 2.438831950480949 12.754759063903556 
-10.847793579101562 -17.800613403320312 -6.4357171058654785 2.406851002548987 12.794477081619512 
-10.895710945129395 -17.714399337768555 -6.419248104095459 2.388547655616366 12.83340905787902 
-10.943629264831543 -17.62818717956543 -6.402778625488281 2.3622346945487984 12.855753862156158 
-10.991546630859375 -17.541975021362305 -6.3863091468811035 2.3343077376526846 12.843225846941518 
-11.034255981445312 -17.465133666992188 -6.3716301918029785 2.303559243030851 14.691942755536152 
-11.075340270996094 -17.377408981323242 -6.346798896789551 2.305789838700339 12.725183334875158 
-11.115413665771484 -17.29184341430664 -6.322578430175781 2.3907382117884834 8.251395363532495 
-11.173176765441895 -17.22951316833496 -6.269868850708008 2.4082784399746 8.219297575739692 
-11.230939865112305 -17.16718101501465 -6.217159271240234 2.426206777538546 8.19362428510571 
-11.288702011108398 -17.10485076904297 -6.164449214935303 2.4123568453140782 8.185462078784804 
-11.321367263793945 -17.069602966308594 -6.134642124176025 2.202186399212396 8.178619102555542 
-11.380552291870117 -16.997133255004883 -6.099351406097412 2.1843830147826564 8.1842394045884 
-11.439737319946289 -16.924665451049805 -6.064061164855957 2.1689955218621817 8.212233708046394 
-11.498922348022461 -16.852195739746094 -6.028770446777344 2.1533184803132355 8.243840439196365 
-11.558106422424316 -16.779727935791016 -5.9934797286987305 2.126518634327929 8.295760819903386 
-11.58403205871582 -16.747983932495117 -5.978021144866943 2.131147114062517 8.679855909285806 
-11.648091316223145 -16.682117462158203 -5.938549995422363 2.1014359971102055 8.590435018315768 
-11.702341079711914 -16.6263370513916 -5.905122756958008 2.185657847616951 7.058982908533065 
-11.773031234741211 -16.588258743286133 -5.845515727996826 2.118427650934242 7.125266253033455 
-11.843721389770508 -16.550182342529297 -5.785908222198486 2.0521867602930968 7.192153442519174 
-11.914410591125488 -16.512104034423828 -5.726301193237305 1.9896426355746875 7.1390976560851085 
-11.985100746154785 -16.47402572631836 -5.666693687438965 1.9546353546378212 6.938095009359082 
-12.055790901184082 -16.435949325561523 -5.607086658477783 1.9213199433686823 6.82710952645842 
-12.126481056213379 -16.397871017456055 -5.547479152679443 1.8797264667415952 6.8623784543187405 
-12.197171211242676 -16.35979461669922 -5.487872123718262 1.8555246481796825 6.897795663257561 
-12.221566200256348 -16.34665298461914 -5.467301368713379 1.7673370206025556 6.993982998094255 
-12.293069839477539 -16.295761108398438 -5.419372081756592 1.7549506696670831 6.980162140360726 
-12.364574432373047 -16.244869232177734 -5.371442794799805 1.7432057078370244 6.958034826542808 
-12.436078071594238 -16.19397735595703 -5.323513507843018 1.7321112447861975 6.935799284321778 
-12.50758171081543 -16.143085479736328 -5.2755842208862305 1.72017207883766 6.870411261464503 
-12.579086303710938 -16.092195510864258 -5.227654933929443 1.7145634525516198 6.805195144269803 
-12.64876937866211 -16.042598724365234 -5.180945873260498 1.715253565868553 7.018462350117645 
-12.728099822998047 -15.996511459350586 -5.1411638259887695 1.7252263746736534 7.016542863022502 
-12.807430267333984 -15.950424194335938 -5.101381301879883 1.7221629463646844 7.008197615094003 
-12.886760711669922 -15.904335975646973 -5.061599254608154 1.7201987823161118 6.975555810319225 
-12.897456169128418 -15.898122787475586 -5.0562357902526855 1.7317282725448517 6.151566595776326 
-12.968973159790039 -15.850324630737305 -5.005239009857178 1.7518756712335548 6.137762668177231 
-13.04049015045166 -15.802526473999023 -4.954242706298828 1.7757784145853013 6.133305673065015 
-13.112007141113281 -15.754727363586426 -4.90324592590332 1.8060585675896723 6.08135864740975 
-13.183524131774902 -15.706929206848145 -4.852249622344971 1.8591378596329753 6.031394673044844 
-13.229691505432129 -15.67607307434082 -4.819328784942627 1.8590543380874585 6.115960564330662 
-13.305546760559082 -15.631855964660645 -4.7714667320251465 1.8936190617587307 6.035971412545285 
-13.381402969360352 -15.587637901306152 -4.723605155944824 1.94383964044796 5.956228634515503 
-13.406298637390137 -15.573125839233398 -4.707896709442139 2.0209124683316073 7.129722231850555 
-13.4773530960083 -15.51601505279541 -4.666790962219238 2.100857510407827 7.003832089749686 
-13.548406600952148 -15.458904266357422 -4.625685214996338 2.181158630668681 7.038490675487369 
-13.556879997253418 -15.452094078063965 -4.62078332901001 2.0637574344880654 6.254390851735995 
-13.630555152893066 -15.421329498291016 -4.56057071685791 2.105785909366822 6.267664544272923 
-13.704229354858398 -15.39056396484375 -4.500358581542969 2.1487990228715215 6.282031976565965 
-13.777904510498047 -15.3597993850708 -4.440145969390869 2.170332524310223 6.172553797461469 
-13.851579666137695 -15.329034805297852 -4.379933834075928 2.1700018142231796 6.01872488581523 
-13.925254821777344 -15.298270225524902 -4.319721221923828 2.159072637667115 5.99603093275954 
-13.998929023742676 -15.267504692077637 -4.259509086608887 2.151104500180423 6.0117929027871515 
-14.014971733093262 -15.2608060836792 -4.246397972106934 2.1501242775376546 7.584887056794616 
-14.090856552124023 -15.247634887695312 -4.219854831695557 2.1866278510801007 7.584465184692251 
-14.185763359069824 -15.225818634033203 -4.1971235275268555 2.2231264361207392 7.550043526859587 
-14.280670166015625 -15.204002380371094 -4.174392223358154 2.2583327911552766 7.515636912640053 
-14.375577926635742 -15.182186126708984 -4.151661396026611 2.2954158782343277 7.461678126783635 
-14.470484733581543 -15.160369873046875 -4.12893009185791 2.3461078224267813 7.364658618936981 
-14.565391540527344 -15.138553619384766 -4.106198787689209 2.388875317531333 7.267231331715637 
-14.660298347473145 -15.116737365722656 -4.083467483520508 2.4822994080882332 7.100793595391166 
-14.755206108093262 -15.094921112060547 -4.060736656188965 2.545190348385648 6.383586135415736 
-14.850112915039062 -15.073104858398438 -4.038005352020264 2.6111893089314053 6.263340985489441 
-14.941442489624023 -15.05211067199707 -4.0161309242248535 2.55110148982938 6.23329758029832 
-14.985458374023438 -15.044200897216797 -4.000802040100098 2.64231010938184 6.197858649581446 
-15.07959270477295 -15.025652885437012 -3.9726128578186035 2.7080039186596614 6.090380223913856 
-15.173727989196777 -15.00710391998291 -3.9444234371185303 2.666835066346045 6.955318725621335 
-15.200000762939453 -15.004874229431152 -3.937948226928711 2.6150611103020793 7.7126754541290055 
-15.29860782623291 -15.00428581237793 -3.9213266372680664 2.6634452743713903 7.544124935448322 
-15.397214889526367 -15.003698348999023 -3.904705047607422 2.712114935726415 7.523986056806437 
-15.495821952819824 -15.0031099319458 -3.8880834579467773 2.686311868603445 7.504185067285367 
-15.594429969787598 -15.002522468566895 -3.871461868286133 2.66197595636304 7.484662941235596 
-15.645872116088867 -15.002215385437012 -3.862790584564209 2.6058809195621206 11.518604398128655 
-15.72397232055664 -15.044139862060547 -3.816500663757324 2.5867848236590003 11.562882941067581 
-15.802071571350098 -15.086064338684082 -3.7702107429504395 2.571420235832918 11.521725608533487 
-15.880171775817871 -15.127988815307617 -3.7239208221435547 2.5591997554593524 11.380527315293257 
-15.958271026611328 -15.169913291931152 -3.677630662918091 2.538869842329607 11.239829915959035 
-16.0363712310791 -15.211837768554688 -3.631340742111206 2.519653634586545 11.01394928451307 
-16.114471435546875 -15.253762245178223 -3.5850508213043213 2.505381027392436 10.40586307495645 
-16.192569732666016 -15.295686721801758 -3.5387609004974365 2.4996698986964674 9.900028242758836 
-16.204463958740234 -15.302071571350098 -3.5317115783691406 2.5204062184318885 7.134302873130245 
-16.263376235961914 -15.32351016998291 -3.453803062438965 2.4967231663797307 7.084674189790379 
-16.322288513183594 -15.344948768615723 -3.375894546508789 2.487392196297594 7.052058674749807 
-16.381200790405273 -15.366387367248535 -3.2979860305786133 2.4748870829243073 7.019443168157982 
-16.440113067626953 -15.387825965881348 -3.2200775146484375 2.462809466780161 6.986827670133221 
-16.499025344848633 -15.40926456451416 -3.1421689987182617 2.451167550493777 6.954225777327199 
-16.557937622070312 -15.430704116821289 -3.064260721206665 2.4399612103667105 6.921596094747669 
-16.616849899291992 -15.452142715454102 -2.9863522052764893 2.4066598249928224 6.815620647836265 
-16.675762176513672 -15.473581314086914 -2.9084436893463135 2.3798962014155314 6.815314178102901 
-16.73467445373535 -15.495019912719727 -2.8305351734161377 2.3887453187319476 6.815010574955663 
-16.79358673095703 -15.516458511352539 -2.752626657485962 2.3982806173171265 6.554667591105635 
-16.85249900817871 -15.537897109985352 -2.674718141555786 2.4085076410566644 6.4917325041295575 
-16.91141128540039 -15.559335708618164 -2.5968096256256104 2.425863861668827 6.430092064483552 
-16.915842056274414 -15.560948371887207 -2.590949296951294 2.5672224184207177 12.545532220534033 
-16.923171997070312 -15.56821060180664 -2.491482973098755 2.507379005155893 12.451861113749123 
-16.93050193786621 -15.575471878051758 -2.392016887664795 2.454814711755244 12.341515095184603 
-16.93783187866211 -15.582734107971191 -2.292550563812256 2.4028006152120205 12.225021714385802 
-16.945161819458008 -15.589996337890625 -2.193084239959717 2.3765081580055996 12.101707952118446 
-16.952491760253906 -15.597257614135742 -2.0936179161071777 2.354629514846968 11.979397251061235 
-16.959821701049805 -15.604519844055176 -1.9941517114639282 2.332801613198857 11.864166027351356 
-16.964740753173828 -15.609393119812012 -1.9274044036865234 2.299229939332956 16.80075049967154 
-16.96270179748535 -15.619298934936523 -1.8279170989990234 2.297796874782374 16.794697115100956 
-16.960660934448242 -15.629204750061035 -1.728429913520813 2.2963706062594293 12.79756714533141 
-16.95980453491211 -15.633363723754883 -1.6866605281829834 2.282136707452221 11.551729491899001 
-16.97414207458496 -15.647961616516113 -1.5887762308120728 2.279364781330936 11.501182428217762 
-16.988479614257812 -15.662559509277344 -1.490891933441162 2.2766250863129813 11.444762649769224 
-17.002817153930664 -15.677157402038574 -1.3930076360702515 2.2739177388978224 11.365013486345237 
-17.017154693603516 -15.691755294799805 -1.2951233386993408 2.282736747434537 9.156745230004237 
-17.031494140625 -15.706353187561035 -1.1972391605377197 2.2982855691470734 9.14294432390425 
-17.04583168029785 -15.720951080322266 -1.099354863166809 2.306922979819432 9.129166790658633 
-17.060169219970703 -15.73554801940918 -1.0014705657958984 2.3366634903402654 9.115392746508563 
-17.0684757232666 -15.744006156921387 -0.9447581171989441 2.3369297990627618 11.461739471063847 
-17.077716827392578 -15.75927448272705 -0.8463635444641113 2.3515348577610675 9.128985928200983 
-17.086956024169922 -15.774543762207031 -0.7479690313339233 2.391860366758974 9.111215105245247 
-17.095090866088867 -15.77999210357666 -0.7013641595840454 2.3987376009520487 9.104383757220269 
-17.111682891845703 -15.793052673339844 -0.603618860244751 2.430403816926618 9.101551091005701 
-17.128273010253906 -15.806114196777344 -0.5058735609054565 2.4468257647761975 9.10611846203077 
-17.144865036010742 -15.819174766540527 -0.4081282317638397 2.445444438961413 9.110698360491217 
-17.156770706176758 -15.828548431396484 -0.3379817008972168 2.444276818871567 11.130347516616718 
-17.15956687927246 -15.833481788635254 -0.3046475350856781 2.441740782092 8.870426690262496 
-17.195812225341797 -15.836886405944824 -0.21150965988636017 2.4388588248660192 8.831944252488498 
-17.232057571411133 -15.840291023254395 -0.11837179213762283 2.4347493325097 8.80578297160522 
-17.26830291748047 -15.843695640563965 -0.0252339206635952 2.452667060739144 8.779664195032845 
-17.304550170898438 -15.847100257873535 0.06790395081043243 2.470643251619835 8.75346892156369 
-17.340795516967773 -15.850504875183105 0.16104182600975037 2.4889122717630023 8.760152944385482 
-17.37704086303711 -15.853909492492676 0.2541796863079071 2.506984164855491 9.013234390384206 
-17.413286209106445 -15.857314109802246 0.34731757640838623 2.5248371938952103 9.185344135056823 
-17.44953155517578 -15.860718727111816 0.44045543670654297 2.557573449650107 9.151573652432486 
-17.462345123291016 -15.861922264099121 0.4733806848526001 2.52399687701906 9.032491629137088 
-17.498933792114258 -15.846400260925293 0.565142810344696 2.535248642219509 9.024955775480771 
-17.51186752319336 -15.840913772583008 0.5975775718688965 2.736651839671387 7.627322320510306 
-17.592945098876953 -15.867701530456543 0.6496252417564392 2.661144697376094 7.583993726323664 
-17.674020767211914 -15.894489288330078 0.7016728520393372 2.551860236676983 15.025239180320677 
-17.702091217041016 -15.932097434997559 0.7379692196846008 3.9459293741124752 9.010378519432512 
-17.79071617126465 -15.890108108520508 0.7575245499610901 3.388664961332706 8.95025895268787 
-17.879343032836914 -15.848119735717773 0.7770798802375793 2.9872094462984826 8.889982258424164 
-17.967967987060547 -15.806130409240723 0.7966352701187134 2.871263809321873 8.829860312721138 
-18.056594848632812 -15.764141082763672 0.8161906003952026 2.6688700949434585 8.975393129612021 
-18.06336212158203 -15.760934829711914 0.81768399477005 4.092416032812116 8.769600857994465 
-18.14794921875 -15.708850860595703 0.8291911482810974 4.015413407847135 8.744364069202208 
-18.232534408569336 -15.656766891479492 0.8406982421875 2.9795689584169773 8.719286090326317 
-18.317121505737305 -15.604682922363281 0.8522053956985474 2.701643255223003 8.694267005617295 
-18.40170669555664 -15.552597999572754 0.86371248960495 2.6657821583847388 8.669443125921523 
-18.48629379272461 -15.500514030456543 0.8752196431159973 2.692440777506261 8.628575198705033 
-18.570878982543945 -15.448430061340332 0.8867267966270447 2.719201921027308 8.48801362918213 
-18.635831832885742 -15.408435821533203 0.8955628871917725 1.7994463076091656 8.948699476219014 
-18.69687271118164 -15.379851341247559 0.9422749280929565 1.7450299491707175 8.94332263628087 
-18.754581451416016 -15.374884605407715 1.0237919092178345 1.7394391594426692 8.940232994785333 
-18.756929397583008 -15.374682426452637 1.0271081924438477 1.7395217011088606 9.10220324319955 
-18.811248779296875 -15.360533714294434 1.1098685264587402 1.7186026535694854 9.13333008251706 
-18.865568161010742 -15.34638500213623 1.1926287412643433 1.6786970309213936 9.166288423050888 
-18.919885635375977 -15.332236289978027 1.2753890752792358 1.6321989033395012 9.201266815071406 
-18.974205017089844 -15.318087577819824 1.3581492900848389 1.607588149476156 9.237553736757253 
-19.02852439880371 -15.303938865661621 1.4409096240997314 1.536100678981541 9.261788141098496 
-19.0814208984375 -15.290160179138184 1.52150297164917 1.48011659464674 9.025874763670698 
-19.161853790283203 -15.287879943847656 1.5808765888214111 1.482890729890043 9.079474832224713 
-19.205053329467773 -15.283080101013184 1.6154202222824097 1.3974463615985684 9.00343897100855 
-19.260774612426758 -15.268793106079102 1.6972182989120483 1.355996048353076 8.8925843834359 
-19.316497802734375 -15.25450611114502 1.779016375541687 1.3272009359612538 8.87368725160669 
-19.37221908569336 -15.240220069885254 1.8608144521713257 1.300800933844869 8.927554883128197 
-19.427942276000977 -15.225933074951172 1.9426125288009644 1.2722600586343713 8.98206264131595 
-19.48366355895996 -15.21164608001709 2.0244107246398926 1.231221349226901 8.811628249894772 
-19.539386749267578 -15.197359085083008 2.1062088012695312 1.210525515505106 8.737543361906358 
-19.54000473022461 -15.197200775146484 2.107116460800171 1.3087769421427882 8.902446945528988 
-19.624340057373047 -15.179092407226562 2.157710313796997 1.295667039052319 8.984881195560039 
-19.70867347717285 -15.16098403930664 2.208303928375244 1.2444761793480896 8.850527178135414 
-19.740570068359375 -15.154135704040527 2.2274386882781982 1.152089863761222 8.287390382052449 
-19.813953399658203 -15.132128715515137 2.29170823097229 1.0854714814376927 8.764978884464762 
