5.984984588623046875e+01;5.817199707031250000e+01;7.125153350830078125e+01
5.984984588623046875e+01;5.817199707031250000e+01;7.125153350830078125e+01
5.984364700317382812e+01;5.817026138305664062e+01;7.115174102783203125e+01
5.983744812011718750e+01;5.816852569580078125e+01;7.105194854736328125e+01
5.983124923706054688e+01;5.816679000854492188e+01;7.095215606689453125e+01
5.982505035400390625e+01;5.816505050659179688e+01;7.085236358642578125e+01
5.981885147094726562e+01;5.816331481933593750e+01;7.075257110595703125e+01
5.981265258789062500e+01;5.816157913208007812e+01;7.065277862548828125e+01
5.980679702758789062e+01;5.815993881225585938e+01;7.055850219726562500e+01
5.980081558227539062e+01;5.816013336181640625e+01;7.045867919921875000e+01
5.979483413696289062e+01;5.816032791137695312e+01;7.035886383056640625e+01
5.978885269165039062e+01;5.816051864624023438e+01;7.025904083251953125e+01
5.978287506103515625e+01;5.816071319580078125e+01;7.015921783447265625e+01
5.977689361572265625e+01;5.816090774536132812e+01;7.005939483642578125e+01
5.977593231201171875e+01;5.816093826293945312e+01;7.004337310791015625e+01
5.977463150024414062e+01;5.817130279541015625e+01;6.994392395019531250e+01
5.977332687377929688e+01;5.818166732788085938e+01;6.984446716308593750e+01
5.977202606201171875e+01;5.819203186035156250e+01;6.974501800537109375e+01
5.977072525024414062e+01;5.820239639282226562e+01;6.964556121826171875e+01
5.976942443847656250e+01;5.821276473999023438e+01;6.954611206054687500e+01
5.976811981201171875e+01;5.822312927246093750e+01;6.944665527343750000e+01
5.976681900024414062e+01;5.823349380493164062e+01;6.934720611572265625e+01
5.976551818847656250e+01;5.824385833740234375e+01;6.924774932861328125e+01
5.976421356201171875e+01;5.825422286987304688e+01;6.914830017089843750e+01
5.976291275024414062e+01;5.826458740234375000e+01;6.904884338378906250e+01
5.976161193847656250e+01;5.827495193481445312e+01;6.894939422607421875e+01
5.976031112670898438e+01;5.828531646728515625e+01;6.884993743896484375e+01
5.975900650024414062e+01;5.829568481445312500e+01;6.875048828125000000e+01
5.975777816772460938e+01;5.830546951293945312e+01;6.865658569335937500e+01
5.975661849975585938e+01;5.832978439331054688e+01;6.856663513183593750e+01
5.976792144775390625e+01;5.835770416259765625e+01;6.847128295898437500e+01
5.977535247802734375e+01;5.837606811523437500e+01;6.840856933593750000e+01
5.978660964965820312e+01;5.840301513671875000e+01;6.831292724609375000e+01
5.979786682128906250e+01;5.842996215820312500e+01;6.821728515625000000e+01
5.980912780761718750e+01;5.845690536499023438e+01;6.812165069580078125e+01
5.982038497924804688e+01;5.848385238647460938e+01;6.802600860595703125e+01
5.983164215087890625e+01;5.851079940795898438e+01;6.793036651611328125e+01
5.984289932250976562e+01;5.853774642944335938e+01;6.783472442626953125e+01
5.985416030883789062e+01;5.856469345092773438e+01;6.773908233642578125e+01
5.986541748046875000e+01;5.859164047241210938e+01;6.764344024658203125e+01
5.986643981933593750e+01;5.859408569335937500e+01;6.763475799560546875e+01
5.986441040039062500e+01;5.860240173339843750e+01;6.753512573242187500e+01
5.986238479614257812e+01;5.861071395874023438e+01;6.743549346923828125e+01
5.986035537719726562e+01;5.861902999877929688e+01;6.733586120605468750e+01
5.985832595825195312e+01;5.862734222412109375e+01;6.723622894287109375e+01
5.985630035400390625e+01;5.863565826416015625e+01;6.713658905029296875e+01
5.985427093505859375e+01;5.864397048950195312e+01;6.703695678710937500e+01
5.985224533081054688e+01;5.865228652954101562e+01;6.693732452392578125e+01
5.985021591186523438e+01;5.866059875488281250e+01;6.683769226074218750e+01
5.984968185424804688e+01;5.866278839111328125e+01;6.681146240234375000e+01
5.984674072265625000e+01;5.866865158081054688e+01;6.671167755126953125e+01
5.984383773803710938e+01;5.867443466186523438e+01;6.661326599121093750e+01
5.985029602050781250e+01;5.867602920532226562e+01;6.651348876953125000e+01
5.985675430297851562e+01;5.867761993408203125e+01;6.641371154785156250e+01
5.986320877075195312e+01;5.867921447753906250e+01;6.631392669677734375e+01
5.986966705322265625e+01;5.868080520629882812e+01;6.621414947509765625e+01
5.987612533569335938e+01;5.868239974975585938e+01;6.611437225341796875e+01
5.988258361816406250e+01;5.868399047851562500e+01;6.601459503173828125e+01
5.988904190063476562e+01;5.868558502197265625e+01;6.591481781005859375e+01
5.989549636840820312e+01;5.868717575073242188e+01;6.581504058837890625e+01
5.990195465087890625e+01;5.868877029418945312e+01;6.571525573730468750e+01
5.990841293334960938e+01;5.869036102294921875e+01;6.561547851562500000e+01
5.991487121582031250e+01;5.869195556640625000e+01;6.551570129394531250e+01
5.992132949829101562e+01;5.869354629516601562e+01;6.541592407226562500e+01
5.992778778076171875e+01;5.869514083862304688e+01;6.531614685058593750e+01
5.993176651000976562e+01;5.869612121582031250e+01;6.525463867187500000e+01
5.991921997070312500e+01;5.869605636596679688e+01;6.515542602539062500e+01
5.990667343139648438e+01;5.869598770141601562e+01;6.505622100830078125e+01
5.989412689208984375e+01;5.869592285156250000e+01;6.495700836181640625e+01
5.988158035278320312e+01;5.869585418701171875e+01;6.485779571533203125e+01
5.986903381347656250e+01;5.869578933715820312e+01;6.475859069824218750e+01
5.985649108886718750e+01;5.869572448730468750e+01;6.465937805175781250e+01
5.984394454956054688e+01;5.869565582275390625e+01;6.456017303466796875e+01
5.983139801025390625e+01;5.869559097290039062e+01;6.446096038818359375e+01
5.981885147094726562e+01;5.869552230834960938e+01;6.436174774169921875e+01
5.980630493164062500e+01;5.869545745849609375e+01;6.426254272460937500e+01
5.979375839233398438e+01;5.869539260864257812e+01;6.416333007812500000e+01
5.978121185302734375e+01;5.869532394409179688e+01;6.406411743164062500e+01
5.976866531372070312e+01;5.869525909423828125e+01;6.396491241455078125e+01
5.975611877441406250e+01;5.869519042968750000e+01;6.386569976806640625e+01
5.974357223510742188e+01;5.869512557983398438e+01;6.376649093627929688e+01
5.973102569580078125e+01;5.869506072998046875e+01;6.366728210449218750e+01
5.971847915649414062e+01;5.869499206542968750e+01;6.356807327270507812e+01
5.970593643188476562e+01;5.869492721557617188e+01;6.346886062622070312e+01
5.969338989257812500e+01;5.869485855102539062e+01;6.336965179443359375e+01
5.968084335327148438e+01;5.869479370117187500e+01;6.327044296264648438e+01
5.966860580444335938e+01;5.869472885131835938e+01;6.317368316650390625e+01
5.966278839111328125e+01;5.868500518798828125e+01;6.307432556152343750e+01
5.965697097778320312e+01;5.867528152465820312e+01;6.297497177124023438e+01
5.965115356445312500e+01;5.866556167602539062e+01;6.287561416625976562e+01
5.964533615112304688e+01;5.865583801269531250e+01;6.277626037597656250e+01
5.963951492309570312e+01;5.864611434936523438e+01;6.267690277099609375e+01
5.963369750976562500e+01;5.863639068603515625e+01;6.257754898071289062e+01
5.962788009643554688e+01;5.862666702270507812e+01;6.247819137573242188e+01
5.962206268310546875e+01;5.861694717407226562e+01;6.237883377075195312e+01
5.961624526977539062e+01;5.860722351074218750e+01;6.227947998046875000e+01
5.961350631713867188e+01;5.860264587402343750e+01;6.223271179199218750e+01
5.961133956909179688e+01;5.859614562988281250e+01;6.213294601440429688e+01
5.960917663574218750e+01;5.858964538574218750e+01;6.203318023681640625e+01
5.960848999023437500e+01;5.858758926391601562e+01;6.200160980224609375e+01
5.960773849487304688e+01;5.860656738281250000e+01;6.190343093872070312e+01
5.960699081420898438e+01;5.862554168701171875e+01;6.180524826049804688e+01
5.960623931884765625e+01;5.864451980590820312e+01;6.170706939697265625e+01
5.960549163818359375e+01;5.866349411010742188e+01;6.160889053344726562e+01
5.960474014282226562e+01;5.868247222900390625e+01;6.151070785522460938e+01
5.960399246215820312e+01;5.870144653320312500e+01;6.141252899169921875e+01
5.960324096679687500e+01;5.872042465209960938e+01;6.131435012817382812e+01
5.960248947143554688e+01;5.873940277099609375e+01;6.121616744995117188e+01
5.960174179077148438e+01;5.875837707519531250e+01;6.111798858642578125e+01
5.960099029541015625e+01;5.877735519409179688e+01;6.101980972290039062e+01
5.960033798217773438e+01;5.879389190673828125e+01;6.093424606323242188e+01
5.957495498657226562e+01;5.881770324707031250e+01;6.084049987792968750e+01
5.954956817626953125e+01;5.884151458740234375e+01;6.074674987792968750e+01
5.952418518066406250e+01;5.886532592773437500e+01;6.065300369262695312e+01
5.949879837036132812e+01;5.888913726806640625e+01;6.055925369262695312e+01
5.947341537475585938e+01;5.891294860839843750e+01;6.046550750732421875e+01
5.944802856445312500e+01;5.893675994873046875e+01;6.037176132202148438e+01
5.942264556884765625e+01;5.896057510375976562e+01;6.027801132202148438e+01
5.939725875854492188e+01;5.898438644409179688e+01;6.018426513671875000e+01
5.937187576293945312e+01;5.900819778442382812e+01;6.009051895141601562e+01
5.934648895263671875e+01;5.903200912475585938e+01;5.999676895141601562e+01
5.932110595703125000e+01;5.905582046508789062e+01;5.990302276611328125e+01
5.929571914672851562e+01;5.907963180541992188e+01;5.980927276611328125e+01
5.927033615112304688e+01;5.910344314575195312e+01;5.971552658081054688e+01
5.924688720703125000e+01;5.912543869018554688e+01;5.962892913818359375e+01
5.923234939575195312e+01;5.912730407714843750e+01;5.953001022338867188e+01
5.921781539916992188e+01;5.912916564941406250e+01;5.943108749389648438e+01
5.920327758789062500e+01;5.913103103637695312e+01;5.933216857910156250e+01
5.918874359130859375e+01;5.913289260864257812e+01;5.923324966430664062e+01
5.917420578002929688e+01;5.913475799560546875e+01;5.913432693481445312e+01
5.915967178344726562e+01;5.913662338256835938e+01;5.903540802001953125e+01
5.914513397216796875e+01;5.913848495483398438e+01;5.893648529052734375e+01
5.913059616088867188e+01;5.914035034179687500e+01;5.883756637573242188e+01
5.911955642700195312e+01;5.914176559448242188e+01;5.876242828369140625e+01
5.910631561279296875e+01;5.913888168334960938e+01;5.866334915161132812e+01
5.909307861328125000e+01;5.913599777221679688e+01;5.856427383422851562e+01
5.907983779907226562e+01;5.913311386108398438e+01;5.846519470214843750e+01
5.906660079956054688e+01;5.913022994995117188e+01;5.836611557006835938e+01
5.905335998535156250e+01;5.912734603881835938e+01;5.826704025268554688e+01
5.904011917114257812e+01;5.912446212768554688e+01;5.816796112060546875e+01
5.903596115112304688e+01;5.912355804443359375e+01;5.813683700561523438e+01
5.902011871337890625e+01;5.912306976318359375e+01;5.803810119628906250e+01
5.900428009033203125e+01;5.912258148193359375e+01;5.793936538696289062e+01
5.898843765258789062e+01;5.912209320068359375e+01;5.784062957763671875e+01
5.897259521484375000e+01;5.912160491943359375e+01;5.774189376831054688e+01
5.895675277709960938e+01;5.912111663818359375e+01;5.764315795898437500e+01
5.894091415405273438e+01;5.912062835693359375e+01;5.754442214965820312e+01
5.893181991577148438e+01;5.912034988403320312e+01;5.748774337768554688e+01
5.892433929443359375e+01;5.910921478271484375e+01;5.738864517211914062e+01
5.891685867309570312e+01;5.909808349609375000e+01;5.728955078125000000e+01
5.890937805175781250e+01;5.908694839477539062e+01;5.719045257568359375e+01
5.890189743041992188e+01;5.907581329345703125e+01;5.709135818481445312e+01
5.889442062377929688e+01;5.906468200683593750e+01;5.699225997924804688e+01
5.888694000244140625e+01;5.905354690551757812e+01;5.689316558837890625e+01
5.887945938110351562e+01;5.904241180419921875e+01;5.679406738281250000e+01
5.887197875976562500e+01;5.903127670288085938e+01;5.669497299194335938e+01
5.886449813842773438e+01;5.902014541625976562e+01;5.659587478637695312e+01
5.885701751708984375e+01;5.900901031494140625e+01;5.649678039550781250e+01
5.884953689575195312e+01;5.899787521362304688e+01;5.639768218994140625e+01
5.884718704223632812e+01;5.899437713623046875e+01;5.636653900146484375e+01
5.884300613403320312e+01;5.897259902954101562e+01;5.626902770996093750e+01
5.883882141113281250e+01;5.895082092285156250e+01;5.617152023315429688e+01
5.883464050292968750e+01;5.892903900146484375e+01;5.607400894165039062e+01
5.883115386962890625e+01;5.891088485717773438e+01;5.599272155761718750e+01
5.883138656616210938e+01;5.888827514648437500e+01;5.589530944824218750e+01
5.883161926269531250e+01;5.886566925048828125e+01;5.579790115356445312e+01
5.883185195922851562e+01;5.884305953979492188e+01;5.570048904418945312e+01
5.883208465576171875e+01;5.882044982910156250e+01;5.560308074951171875e+01
5.883231735229492188e+01;5.879784393310546875e+01;5.550566864013671875e+01
5.883255004882812500e+01;5.877523422241210938e+01;5.540826034545898438e+01
5.883278274536132812e+01;5.875262451171875000e+01;5.531084823608398438e+01
5.883301544189453125e+01;5.873001861572265625e+01;5.521343612670898438e+01
5.883324813842773438e+01;5.870740890502929688e+01;5.511602783203125000e+01
5.883333206176757812e+01;5.869921875000000000e+01;5.508074188232421875e+01
5.883369827270507812e+01;5.868562316894531250e+01;5.498167037963867188e+01
5.883406066894531250e+01;5.867202377319335938e+01;5.488259887695312500e+01
5.883442687988281250e+01;5.865842819213867188e+01;5.478353118896484375e+01
5.883543014526367188e+01;5.865693664550781250e+01;5.471773910522460938e+01
5.883202362060546875e+01;5.867540359497070312e+01;5.461951828002929688e+01
5.882862091064453125e+01;5.869387435913085938e+01;5.452129745483398438e+01
5.882521438598632812e+01;5.871234130859375000e+01;5.442307662963867188e+01
5.882181167602539062e+01;5.873081207275390625e+01;5.432485580444335938e+01
5.881840515136718750e+01;5.874927902221679688e+01;5.422663497924804688e+01
5.881500244140625000e+01;5.876774978637695312e+01;5.412841415405273438e+01
5.881159591674804688e+01;5.878621673583984375e+01;5.403019332885742188e+01
5.880819320678710938e+01;5.880468750000000000e+01;5.393197250366210938e+01
5.880478668212890625e+01;5.882315444946289062e+01;5.383375167846679688e+01
5.880138397216796875e+01;5.884162521362304688e+01;5.373553085327148438e+01
5.879797744750976562e+01;5.886009216308593750e+01;5.363731002807617188e+01
5.879076385498046875e+01;5.886230087280273438e+01;5.355754852294921875e+01
5.877392959594726562e+01;5.885760498046875000e+01;5.345908737182617188e+01
5.875709533691406250e+01;5.885290527343750000e+01;5.336062622070312500e+01
5.874026107788085938e+01;5.884820938110351562e+01;5.326216506958007812e+01
5.872343063354492188e+01;5.884350967407226562e+01;5.316370391845703125e+01
5.870659637451171875e+01;5.883881378173828125e+01;5.306524276733398438e+01
5.868976211547851562e+01;5.883411788940429688e+01;5.296678161621093750e+01
5.867292785644531250e+01;5.882941818237304688e+01;5.286832046508789062e+01
5.865609359741210938e+01;5.882472229003906250e+01;5.276985931396484375e+01
5.863925933837890625e+01;5.882002639770507812e+01;5.267139816284179688e+01
5.862242507934570312e+01;5.881532669067382812e+01;5.257294082641601562e+01
5.860559082031250000e+01;5.881063079833984375e+01;5.247447967529296875e+01
5.858876037597656250e+01;5.880593109130859375e+01;5.237601852416992188e+01
5.857192611694335938e+01;5.880123519897460938e+01;5.227755737304687500e+01
5.855750274658203125e+01;5.879721069335937500e+01;5.219319915771484375e+01
5.854128646850585938e+01;5.879059982299804688e+01;5.209474563598632812e+01
5.852507400512695312e+01;5.878399276733398438e+01;5.199628829956054688e+01
5.850885772705078125e+01;5.877738189697265625e+01;5.189783477783203125e+01
5.849264526367187500e+01;5.877077102661132812e+01;5.179937744140625000e+01
5.847642898559570312e+01;5.876416015625000000e+01;5.170092391967773438e+01
5.846021652221679688e+01;5.875755310058593750e+01;5.160247039794921875e+01
5.844400024414062500e+01;5.875094223022460938e+01;5.150401306152343750e+01
5.842778778076171875e+01;5.874433135986328125e+01;5.140555953979492188e+01
5.841157150268554688e+01;5.873772048950195312e+01;5.130710220336914062e+01
5.839535903930664062e+01;5.873111343383789062e+01;5.120864868164062500e+01
5.838468933105468750e+01;5.872629928588867188e+01;5.114998245239257812e+01
5.836670303344726562e+01;5.872643661499023438e+01;5.105161285400390625e+01
5.834871292114257812e+01;5.872657012939453125e+01;5.095324325561523438e+01
5.833760833740234375e+01;5.872665405273437500e+01;5.089250946044921875e+01
5.832341384887695312e+01;5.871683502197265625e+01;5.079401016235351562e+01
5.830921554565429688e+01;5.870701980590820312e+01;5.069551086425781250e+01
5.829502105712890625e+01;5.869720077514648438e+01;5.059701156616210938e+01
5.828082275390625000e+01;5.868738555908203125e+01;5.049851226806640625e+01
5.826662826538085938e+01;5.867756652832031250e+01;5.040001296997070312e+01
5.825243377685546875e+01;5.866775131225585938e+01;5.030151367187500000e+01
5.823823547363281250e+01;5.865793228149414062e+01;5.020301437377929688e+01
5.822404098510742188e+01;5.864811706542968750e+01;5.010451507568359375e+01
5.820984268188476562e+01;5.863829803466796875e+01;5.000601577758789062e+01
5.819564819335937500e+01;5.862848281860351562e+01;4.990751647949218750e+01
5.818145370483398438e+01;5.861866378784179688e+01;4.980901718139648438e+01
5.816725540161132812e+01;5.860884857177734375e+01;4.971051788330078125e+01
5.815934753417968750e+01;5.860406875610351562e+01;4.964788055419921875e+01
5.814752197265625000e+01;5.859778594970703125e+01;4.955149841308593750e+01
5.814870071411132812e+01;5.858543395996093750e+01;4.945227050781250000e+01
5.814987945556640625e+01;5.857308578491210938e+01;4.935304260253906250e+01
5.815106201171875000e+01;5.856073379516601562e+01;4.925381469726562500e+01
5.815224075317382812e+01;5.854838180541992188e+01;4.915459060668945312e+01
5.815293121337890625e+01;5.854114913940429688e+01;4.909646606445312500e+01
5.815520858764648438e+01;5.853158569335937500e+01;4.899695205688476562e+01
5.815748596191406250e+01;5.852202224731445312e+01;4.889743423461914062e+01
5.815976333618164062e+01;5.851245880126953125e+01;4.879792022705078125e+01
5.816204071044921875e+01;5.850289535522460938e+01;4.869840240478515625e+01
5.816208648681640625e+01;5.850269699096679688e+01;4.869635391235351562e+01
5.817081451416015625e+01;5.848912429809570312e+01;4.859766387939453125e+01
5.817954254150390625e+01;5.847555541992187500e+01;4.849897384643554688e+01
5.818827056884765625e+01;5.846198272705078125e+01;4.840028381347656250e+01
5.819699478149414062e+01;5.844841384887695312e+01;4.830159378051757812e+01
5.820572280883789062e+01;5.843484115600585938e+01;4.820290374755859375e+01
5.821445083618164062e+01;5.842127227783203125e+01;4.810421371459960938e+01
5.822317886352539062e+01;5.840769958496093750e+01;4.800552749633789062e+01
5.822759246826171875e+01;5.840083694458007812e+01;4.795561218261718750e+01
5.823561096191406250e+01;5.839104080200195312e+01;4.785641479492187500e+01
5.824211120605468750e+01;5.838174819946289062e+01;4.777432632446289062e+01
5.827333450317382812e+01;5.838475799560546875e+01;4.767937469482421875e+01
5.830455780029296875e+01;5.838776397705078125e+01;4.758441925048828125e+01
5.833578109741210938e+01;5.839077377319335938e+01;4.748946762084960938e+01
5.836700439453125000e+01;5.839377975463867188e+01;4.739451599121093750e+01
5.839823150634765625e+01;5.839678955078125000e+01;4.729956436157226562e+01
5.842945480346679688e+01;5.839979934692382812e+01;4.720460891723632812e+01
5.846067810058593750e+01;5.840280532836914062e+01;4.710965728759765625e+01
5.849190139770507812e+01;5.840581512451171875e+01;4.701470565795898438e+01
5.852312469482421875e+01;5.840882492065429688e+01;4.691975021362304688e+01
5.854808425903320312e+01;5.841122817993164062e+01;4.684384918212890625e+01
5.856555175781250000e+01;5.840006256103515625e+01;4.674602127075195312e+01
5.856745910644531250e+01;5.839884185791015625e+01;4.673532867431640625e+01
5.857531738281250000e+01;5.839925765991210938e+01;4.663563919067382812e+01
5.857499313354492188e+01;5.839978408813476562e+01;4.662910461425781250e+01
5.856283950805664062e+01;5.841535186767578125e+01;4.653107452392578125e+01
5.855068588256835938e+01;5.843091964721679688e+01;4.643304443359375000e+01
5.853853225708007812e+01;5.844648361206054688e+01;4.633501434326171875e+01
5.852637863159179688e+01;5.846205139160156250e+01;4.623698425292968750e+01
5.851422119140625000e+01;5.847761917114257812e+01;4.613895416259765625e+01
5.850206756591796875e+01;5.849318695068359375e+01;4.604092407226562500e+01
5.848991394042968750e+01;5.850875473022460938e+01;4.594289398193359375e+01
5.847776031494140625e+01;5.852432250976562500e+01;4.584486389160156250e+01
5.846560668945312500e+01;5.853988647460937500e+01;4.574682998657226562e+01
5.846058654785156250e+01;5.854631805419921875e+01;4.570634078979492188e+01
5.844533157348632812e+01;5.855133819580078125e+01;4.560763931274414062e+01
5.843008041381835938e+01;5.855635452270507812e+01;4.550893783569335938e+01
5.841482543945312500e+01;5.856137466430664062e+01;4.541023254394531250e+01
5.839957046508789062e+01;5.856639099121093750e+01;4.531153106689453125e+01
5.838431549072265625e+01;5.857141113281250000e+01;4.521282958984375000e+01
5.836906433105468750e+01;5.857642745971679688e+01;4.511412811279296875e+01
5.835380935668945312e+01;5.858144760131835938e+01;4.501542663574218750e+01
5.833815002441406250e+01;5.858574295043945312e+01;4.492488479614257812e+01
5.832466888427734375e+01;5.858555603027343750e+01;4.482579803466796875e+01
5.831118392944335938e+01;5.858536529541015625e+01;4.472671127319335938e+01
5.829770278930664062e+01;5.858517837524414062e+01;4.462762451171875000e+01
5.828422164916992188e+01;5.858498764038085938e+01;4.452853775024414062e+01
5.827073669433593750e+01;5.858480072021484375e+01;4.442945098876953125e+01
5.825725555419921875e+01;5.858460998535156250e+01;4.433036422729492188e+01
5.824377441406250000e+01;5.858442306518554688e+01;4.423127746582031250e+01
5.823028945922851562e+01;5.858423233032226562e+01;4.413219070434570312e+01
5.821680831909179688e+01;5.858404541015625000e+01;4.403310394287109375e+01
5.821543502807617188e+01;5.858402633666992188e+01;4.402300643920898438e+01
5.819597625732421875e+01;5.858599472045898438e+01;4.392493820190429688e+01
5.819408035278320312e+01;5.858618545532226562e+01;4.391537475585937500e+01
5.817658615112304688e+01;5.857998657226562500e+01;4.381711196899414062e+01
5.815909576416015625e+01;5.857378387451171875e+01;4.371884918212890625e+01
5.814160156250000000e+01;5.856758499145507812e+01;4.362058639526367188e+01
5.812411117553710938e+01;5.856138229370117188e+01;4.352232360839843750e+01
5.810661697387695312e+01;5.855518341064453125e+01;4.342406082153320312e+01
5.808912658691406250e+01;5.854898071289062500e+01;4.332579803466796875e+01
5.807163238525390625e+01;5.854278182983398438e+01;4.322753524780273438e+01
5.805414199829101562e+01;5.853657913208007812e+01;4.312927246093750000e+01
5.803664779663085938e+01;5.853038024902343750e+01;4.303100967407226562e+01
5.801915740966796875e+01;5.852417755126953125e+01;4.293274688720703125e+01
5.800166320800781250e+01;5.851797866821289062e+01;4.283448410034179688e+01
5.798767471313476562e+01;5.851301956176757812e+01;4.275589752197265625e+01
5.797332763671875000e+01;5.850483703613281250e+01;4.265727233886718750e+01
5.796484375000000000e+01;5.850000000000000000e+01;4.259896469116210938e+01
5.794308853149414062e+01;5.848902511596679688e+01;4.250197982788085938e+01
5.792133331298828125e+01;5.847805404663085938e+01;4.240499114990234375e+01
5.789958190917968750e+01;5.846707916259765625e+01;4.230800628662109375e+01
5.787782669067382812e+01;5.845610427856445312e+01;4.221102142333984375e+01
5.785607147216796875e+01;5.844512939453125000e+01;4.211403274536132812e+01
5.783431625366210938e+01;5.843415832519531250e+01;4.201704788208007812e+01
5.781807708740234375e+01;5.842596435546875000e+01;4.194464111328125000e+01
5.780090332031250000e+01;5.840835189819335938e+01;4.184771347045898438e+01
5.778372955322265625e+01;5.839073944091796875e+01;4.175078582763671875e+01
5.776655578613281250e+01;5.837312698364257812e+01;4.165386199951171875e+01
5.774938201904296875e+01;5.835551452636718750e+01;4.155693435668945312e+01
5.773220443725585938e+01;5.833790206909179688e+01;4.146000671386718750e+01
5.771503067016601562e+01;5.832028579711914062e+01;4.136307907104492188e+01
5.769785690307617188e+01;5.830267333984375000e+01;4.126615142822265625e+01
5.769155883789062500e+01;5.829621505737304688e+01;4.123060226440429688e+01
5.767756652832031250e+01;5.829625320434570312e+01;4.113158416748046875e+01
5.766357421875000000e+01;5.829629516601562500e+01;4.103256988525390625e+01
5.765238571166992188e+01;5.829632568359375000e+01;4.095338821411132812e+01
5.763148117065429688e+01;5.829133224487304688e+01;4.085572433471679688e+01
5.761058044433593750e+01;5.828633499145507812e+01;4.075806045532226562e+01
5.758967590332031250e+01;5.828134155273437500e+01;4.066039657592773438e+01
5.756877517700195312e+01;5.827634429931640625e+01;4.056273651123046875e+01
5.755799484252929688e+01;5.827376937866210938e+01;4.051236724853515625e+01
5.754182815551757812e+01;5.826660156250000000e+01;4.041394424438476562e+01
5.752566528320312500e+01;5.825943374633789062e+01;4.031551742553710938e+01
5.750969314575195312e+01;5.825235366821289062e+01;4.021827697753906250e+01
5.750150680541992188e+01;5.822388839721679688e+01;4.012276458740234375e+01
5.749332046508789062e+01;5.819542312622070312e+01;4.002725219726562500e+01
5.748951721191406250e+01;5.818220138549804688e+01;3.998289489746093750e+01
5.749724578857421875e+01;5.815942764282226562e+01;3.988582992553710938e+01
5.750497436523437500e+01;5.813665771484375000e+01;3.978876495361328125e+01
5.751270294189453125e+01;5.811388397216796875e+01;3.969169998168945312e+01
5.752043151855468750e+01;5.809111022949218750e+01;3.959463500976562500e+01
5.752816009521484375e+01;5.806834030151367188e+01;3.949756622314453125e+01
5.753588867187500000e+01;5.804556655883789062e+01;3.940050125122070312e+01
5.754067993164062500e+01;5.803145217895507812e+01;3.934033966064453125e+01
5.754603576660156250e+01;5.801236343383789062e+01;3.924232482910156250e+01
5.755139541625976562e+01;5.799327468872070312e+01;3.914430999755859375e+01
5.755675125122070312e+01;5.797418594360351562e+01;3.904629516601562500e+01
5.755752944946289062e+01;5.797142028808593750e+01;3.903208923339843750e+01
5.755333709716796875e+01;5.795622253417968750e+01;3.893333816528320312e+01
5.755208587646484375e+01;5.795168685913085938e+01;3.890385437011718750e+01
5.756148910522460938e+01;5.795410156250000000e+01;3.880432510375976562e+01
5.756997299194335938e+01;5.795627975463867188e+01;3.871450424194335938e+01
5.757885742187500000e+01;5.797180938720703125e+01;3.861611938476562500e+01
5.758266067504882812e+01;5.797848129272460938e+01;3.857392501831054688e+01
5.759015655517578125e+01;5.799648284912109375e+01;3.847584533691406250e+01
5.759291076660156250e+01;5.800310134887695312e+01;3.843978500366210938e+01
5.759990310668945312e+01;5.802199554443359375e+01;3.834183502197265625e+01
5.760689544677734375e+01;5.804089355468750000e+01;3.824388504028320312e+01
5.761388778686523438e+01;5.805978775024414062e+01;3.814593505859375000e+01
5.762088012695312500e+01;5.807868194580078125e+01;3.804798889160156250e+01
5.762787246704101562e+01;5.809757614135742188e+01;3.795003890991210938e+01
5.763486099243164062e+01;5.811647415161132812e+01;3.785208892822265625e+01
5.764185333251953125e+01;5.813536834716796875e+01;3.775413894653320312e+01
5.764884567260742188e+01;5.815426254272460938e+01;3.765618896484375000e+01
5.765583801269531250e+01;5.817315673828125000e+01;3.755823898315429688e+01
5.765658950805664062e+01;5.817518615722656250e+01;3.754772567749023438e+01
5.765690994262695312e+01;5.817790985107421875e+01;3.744776153564453125e+01
5.765723037719726562e+01;5.818063735961914062e+01;3.734780120849609375e+01
5.765755081176757812e+01;5.818336105346679688e+01;3.724783706665039062e+01
5.765787124633789062e+01;5.818608474731445312e+01;3.714787673950195312e+01
5.765819168090820312e+01;5.818881225585937500e+01;3.704791259765625000e+01
5.765151596069335938e+01;5.818510437011718750e+01;3.696278762817382812e+01
5.767147064208984375e+01;5.813724899291992188e+01;3.687728118896484375e+01
5.769142150878906250e+01;5.808938980102539062e+01;3.679177093505859375e+01
5.771137619018554688e+01;5.804153442382812500e+01;3.670626449584960938e+01
5.773132705688476562e+01;5.799367523193359375e+01;3.662075805664062500e+01
5.775128173828125000e+01;5.794581985473632812e+01;3.653524780273437500e+01
5.777123641967773438e+01;5.789796447753906250e+01;3.644974136352539062e+01
5.779118728637695312e+01;5.785010528564453125e+01;3.636423110961914062e+01
5.781114196777343750e+01;5.780224990844726562e+01;3.627872467041015625e+01
5.783109283447265625e+01;5.775439071655273438e+01;3.619321823120117188e+01
5.785104751586914062e+01;5.770653533935546875e+01;3.610770797729492188e+01
5.787100219726562500e+01;5.765867614746093750e+01;3.602220153808593750e+01
5.788862991333007812e+01;5.761639404296875000e+01;3.594665145874023438e+01
5.791540145874023438e+01;5.757189559936523438e+01;3.586119461059570312e+01
5.794217681884765625e+01;5.752739715576171875e+01;3.577573394775390625e+01
5.796894836425781250e+01;5.748289871215820312e+01;3.569027709960937500e+01
5.799571990966796875e+01;5.743840026855468750e+01;3.560482025146484375e+01
5.802249526977539062e+01;5.739390182495117188e+01;3.551935958862304688e+01
5.804926681518554688e+01;5.734940338134765625e+01;3.543390274047851562e+01
5.807603836059570312e+01;5.730490493774414062e+01;3.534844589233398438e+01
5.810281372070312500e+01;5.726040649414062500e+01;3.526298522949218750e+01
5.812958526611328125e+01;5.721590805053710938e+01;3.517752838134765625e+01
5.815636062622070312e+01;5.717140579223632812e+01;3.509207153320312500e+01
5.818313217163085938e+01;5.712690734863281250e+01;3.500661087036132812e+01
5.820990371704101562e+01;5.708240890502929688e+01;3.492115402221679688e+01
5.823667907714843750e+01;5.703791046142578125e+01;3.483569717407226562e+01
5.826082611083984375e+01;5.700636672973632812e+01;3.476715850830078125e+01
5.827605056762695312e+01;5.700004196166992188e+01;3.466852569580078125e+01
5.829127502441406250e+01;5.699371719360351562e+01;3.456989669799804688e+01
5.830650329589843750e+01;5.698739242553710938e+01;3.447126388549804688e+01
5.832172775268554688e+01;5.698106765747070312e+01;3.437263107299804688e+01
5.833695220947265625e+01;5.697474288940429688e+01;3.427400207519531250e+01
5.835217666625976562e+01;5.696841812133789062e+01;3.417536926269531250e+01
5.836740112304687500e+01;5.696209335327148438e+01;3.407673645019531250e+01
5.838262557983398438e+01;5.695576858520507812e+01;3.397810745239257812e+01
5.839785385131835938e+01;5.694944381713867188e+01;3.387947463989257812e+01
5.841307830810546875e+01;5.694311904907226562e+01;3.378084182739257812e+01
5.842830276489257812e+01;5.693679428100585938e+01;3.368220901489257812e+01
5.843786621093750000e+01;5.693282318115234375e+01;3.362025833129882812e+01
5.843896865844726562e+01;5.694372558593750000e+01;3.352085876464843750e+01
5.843954849243164062e+01;5.694945526123046875e+01;3.346863555908203125e+01
5.843524169921875000e+01;5.695515441894531250e+01;3.336889266967773438e+01
5.843093490600585938e+01;5.696084976196289062e+01;3.326914596557617188e+01
5.842662811279296875e+01;5.696654891967773438e+01;3.316940307617187500e+01
5.842232131958007812e+01;5.697224426269531250e+01;3.306965637207031250e+01
5.841801452636718750e+01;5.697794342041015625e+01;3.296991348266601562e+01
5.841370773315429688e+01;5.698363876342773438e+01;3.287016677856445312e+01
5.840940093994140625e+01;5.698933792114257812e+01;3.277042388916015625e+01
5.840539932250976562e+01;5.699463272094726562e+01;3.267771148681640625e+01
5.839791488647460938e+01;5.699739074707031250e+01;3.257802963256835938e+01
5.839348602294921875e+01;5.699902343750000000e+01;3.251903533935546875e+01
5.838892364501953125e+01;5.701047515869140625e+01;3.241979980468750000e+01
5.838435745239257812e+01;5.702192687988281250e+01;3.232056045532226562e+01
5.837979507446289062e+01;5.703337860107421875e+01;3.222132492065429688e+01
5.837523269653320312e+01;5.704483032226562500e+01;3.212208557128906250e+01
5.837067031860351562e+01;5.705628204345703125e+01;3.202285003662109375e+01
5.836610412597656250e+01;5.706773757934570312e+01;3.192361259460449219e+01
5.836154174804687500e+01;5.707918930053710938e+01;3.182437515258789062e+01
5.835697937011718750e+01;5.709064102172851562e+01;3.172513771057128906e+01
5.835241317749023438e+01;5.710209274291992188e+01;3.162590026855468750e+01
5.834785079956054688e+01;5.711354446411132812e+01;3.152666282653808594e+01
5.834328842163085938e+01;5.712499618530273438e+01;3.142742538452148438e+01
5.834135437011718750e+01;5.712984848022460938e+01;3.138537788391113281e+01
5.833415985107421875e+01;5.714237213134765625e+01;3.128642654418945312e+01
5.832696533203125000e+01;5.715489196777343750e+01;3.118747520446777344e+01
5.831977081298828125e+01;5.716741561889648438e+01;3.108852195739746094e+01
5.831257247924804688e+01;5.717993545532226562e+01;3.098957061767578125e+01
5.830537796020507812e+01;5.719245910644531250e+01;3.089061927795410156e+01
5.829818344116210938e+01;5.720497894287109375e+01;3.079166793823242188e+01
5.829098892211914062e+01;5.721750259399414062e+01;3.069271659851074219e+01
5.828502655029296875e+01;5.722787857055664062e+01;3.061071777343750000e+01
5.828046035766601562e+01;5.723735809326171875e+01;3.051127243041992188e+01
5.827589035034179688e+01;5.724684143066406250e+01;3.041182899475097656e+01
5.827132415771484375e+01;5.725632095336914062e+01;3.031238365173339844e+01
5.826970291137695312e+01;5.725968551635742188e+01;3.027711296081542969e+01
5.825582504272460938e+01;5.726360321044921875e+01;3.017815780639648438e+01
5.824194717407226562e+01;5.726752090454101562e+01;3.007920265197753906e+01
5.822806930541992188e+01;5.727144241333007812e+01;2.998024940490722656e+01
5.821419143676757812e+01;5.727536010742187500e+01;2.988129425048828125e+01
5.820030975341796875e+01;5.727927780151367188e+01;2.978233909606933594e+01
5.818643188476562500e+01;5.728319549560546875e+01;2.968338394165039062e+01
5.817861175537109375e+01;5.728540420532226562e+01;2.962761688232421875e+01
5.817469024658203125e+01;5.730108642578125000e+01;2.952893257141113281e+01
5.817076873779296875e+01;5.731676864624023438e+01;2.943024826049804688e+01
5.816684341430664062e+01;5.733245086669921875e+01;2.933156204223632812e+01
5.816292190551757812e+01;5.734813308715820312e+01;2.923287773132324219e+01
5.815900039672851562e+01;5.736381530761718750e+01;2.913419342041015625e+01
5.815507888793945312e+01;5.737949752807617188e+01;2.903550910949707031e+01
5.815319442749023438e+01;5.738702774047851562e+01;2.898811912536621094e+01
5.813887023925781250e+01;5.738510131835937500e+01;2.888916969299316406e+01
5.812454605102539062e+01;5.738317489624023438e+01;2.879021835327148438e+01
5.811022186279296875e+01;5.738124465942382812e+01;2.869126892089843750e+01
5.809589767456054688e+01;5.737931823730468750e+01;2.859231948852539062e+01
5.808157730102539062e+01;5.737739181518554688e+01;2.849336814880371094e+01
5.806725311279296875e+01;5.737546539306640625e+01;2.839441871643066406e+01
5.805292892456054688e+01;5.737353515625000000e+01;2.829546928405761719e+01
5.804920196533203125e+01;5.737303543090820312e+01;2.826972579956054688e+01
5.804146575927734375e+01;5.736846542358398438e+01;2.817012977600097656e+01
5.803671264648437500e+01;5.736565780639648438e+01;2.810892868041992188e+01
5.802349090576171875e+01;5.732521438598632812e+01;2.803460502624511719e+01
5.802966308593750000e+01;5.728528594970703125e+01;2.794313049316406250e+01
5.803387451171875000e+01;5.725803375244140625e+01;2.788069343566894531e+01
5.803737258911132812e+01;5.721953201293945312e+01;2.778846931457519531e+01
5.804048538208007812e+01;5.718525314331054688e+01;2.770635795593261719e+01
5.804620361328125000e+01;5.715934753417968750e+01;2.760994148254394531e+01
5.805192184448242188e+01;5.713344192504882812e+01;2.751352500915527344e+01
5.805764007568359375e+01;5.710753631591796875e+01;2.741710853576660156e+01
5.806335830688476562e+01;5.708162689208984375e+01;2.732069206237792969e+01
5.806840896606445312e+01;5.705875015258789062e+01;2.723554229736328125e+01
5.806472015380859375e+01;5.703565979003906250e+01;2.713831520080566406e+01
5.806102752685546875e+01;5.701256942749023438e+01;2.704108619689941406e+01
5.805733871459960938e+01;5.698947906494140625e+01;2.694385910034179688e+01
5.805372619628906250e+01;5.696686935424804688e+01;2.684865951538085938e+01
5.805149078369140625e+01;5.693770980834960938e+01;2.675303077697753906e+01
5.804925918579101562e+01;5.690855407714843750e+01;2.665740203857421875e+01
5.804702377319335938e+01;5.687939453125000000e+01;2.656177330017089844e+01
5.804479217529296875e+01;5.685023880004882812e+01;2.646614456176757812e+01
5.804255676269531250e+01;5.682107925415039062e+01;2.637051582336425781e+01
5.804154586791992188e+01;5.680787658691406250e+01;2.632721519470214844e+01
5.804142761230468750e+01;5.678241348266601562e+01;2.623051071166992188e+01
5.804130554199218750e+01;5.675695419311523438e+01;2.613380622863769531e+01
5.804118728637695312e+01;5.673149108886718750e+01;2.603710365295410156e+01
5.804106903076171875e+01;5.670602798461914062e+01;2.594039916992187500e+01
5.804094696044921875e+01;5.668056488037109375e+01;2.584369468688964844e+01
5.804082870483398438e+01;5.665510559082031250e+01;2.574699020385742188e+01
5.804070663452148438e+01;5.662964248657226562e+01;2.565028762817382812e+01
5.804103851318359375e+01;5.661293792724609375e+01;2.559256553649902344e+01
5.803990173339843750e+01;5.661249542236328125e+01;2.549257278442382812e+01
5.803876495361328125e+01;5.661205673217773438e+01;2.539258003234863281e+01
5.803762817382812500e+01;5.661161422729492188e+01;2.529258728027343750e+01
5.803649520874023438e+01;5.661117172241210938e+01;2.519259452819824219e+01
5.803535842895507812e+01;5.661072921752929688e+01;2.509260177612304688e+01
5.803422164916992188e+01;5.661029052734375000e+01;2.499261093139648438e+01
5.803308486938476562e+01;5.660984802246093750e+01;2.489261817932128906e+01
5.803194808959960938e+01;5.660940551757812500e+01;2.479262542724609375e+01
5.803081130981445312e+01;5.660896682739257812e+01;2.469263267517089844e+01
5.802967834472656250e+01;5.660852432250976562e+01;2.459263992309570312e+01
5.802904891967773438e+01;5.660828018188476562e+01;2.453736114501953125e+01
5.802089691162109375e+01;5.661419296264648438e+01;2.446543693542480469e+01
5.800500488281250000e+01;5.662266159057617188e+01;2.436707115173339844e+01
5.798910903930664062e+01;5.663112640380859375e+01;2.426870727539062500e+01
5.798468017578125000e+01;5.663348770141601562e+01;2.424128913879394531e+01
5.797593688964843750e+01;5.663467407226562500e+01;2.414167976379394531e+01
5.796719741821289062e+01;5.663586044311523438e+01;2.404206848144531250e+01
5.795845413208007812e+01;5.663704681396484375e+01;2.394245910644531250e+01
5.794971084594726562e+01;5.663823699951171875e+01;2.384284782409667969e+01
5.794097137451171875e+01;5.663942337036132812e+01;2.374323844909667969e+01
5.793615722656250000e+01;5.664007568359375000e+01;2.368839263916015625e+01
5.792333221435546875e+01;5.664181518554687500e+01;2.358923339843750000e+01
5.791051101684570312e+01;5.664355850219726562e+01;2.349007415771484375e+01
5.789768600463867188e+01;5.664529800415039062e+01;2.339091491699218750e+01
5.789250946044921875e+01;5.664599990844726562e+01;2.335088157653808594e+01
5.788244628906250000e+01;5.665444946289062500e+01;2.325174903869628906e+01
5.787914657592773438e+01;5.665721893310546875e+01;2.321924591064453125e+01
5.786669540405273438e+01;5.667675399780273438e+01;2.312196540832519531e+01
5.785964965820312500e+01;5.668780517578125000e+01;2.306692314147949219e+01
5.784524154663085938e+01;5.669333267211914062e+01;2.296812057495117188e+01
5.783485794067382812e+01;5.669731521606445312e+01;2.289689826965332031e+01
5.781629180908203125e+01;5.669575881958007812e+01;2.279864883422851562e+01
5.779772567749023438e+01;5.669420242309570312e+01;2.270039939880371094e+01
5.777916336059570312e+01;5.669264984130859375e+01;2.260214996337890625e+01
5.776059722900390625e+01;5.669109344482421875e+01;2.250390052795410156e+01
5.775792312622070312e+01;5.669086837768554688e+01;2.248975372314453125e+01
5.775524520874023438e+01;5.667333602905273438e+01;2.239133834838867188e+01
5.775256729125976562e+01;5.665580749511718750e+01;2.229292297363281250e+01
5.774988937377929688e+01;5.663827514648437500e+01;2.219450950622558594e+01
5.774721145629882812e+01;5.662074661254882812e+01;2.209609413146972656e+01
5.774453353881835938e+01;5.660321426391601562e+01;2.199767875671386719e+01
5.774185562133789062e+01;5.658568572998046875e+01;2.189926338195800781e+01
5.773917770385742188e+01;5.656815338134765625e+01;2.180084800720214844e+01
5.773788070678710938e+01;5.655965805053710938e+01;2.175315475463867188e+01
5.773321533203125000e+01;5.656062698364257812e+01;2.165326881408691406e+01
5.772855377197265625e+01;5.656159210205078125e+01;2.155338096618652344e+01
5.772388839721679688e+01;5.656256103515625000e+01;2.145349502563476562e+01
5.771922302246093750e+01;5.656352615356445312e+01;2.135360908508300781e+01
5.771456146240234375e+01;5.656449508666992188e+01;2.125372314453125000e+01
5.770989608764648438e+01;5.656546401977539062e+01;2.115383529663085938e+01
5.770523071289062500e+01;5.656642913818359375e+01;2.105394935607910156e+01
5.770056915283203125e+01;5.656739807128906250e+01;2.095406341552734375e+01
5.769590377807617188e+01;5.656836318969726562e+01;2.085417556762695312e+01
5.769123840332031250e+01;5.656933212280273438e+01;2.075428962707519531e+01
5.768657302856445312e+01;5.657030105590820312e+01;2.065440368652343750e+01
5.768191146850585938e+01;5.657126617431640625e+01;2.055451774597167969e+01
5.767786026000976562e+01;5.657230758666992188e+01;2.046722030639648438e+01
5.767436981201171875e+01;5.657268142700195312e+01;2.036728096008300781e+01
5.767088317871093750e+01;5.657305145263671875e+01;2.026734352111816406e+01
5.766739273071289062e+01;5.657342529296875000e+01;2.016740417480468750e+01
5.766390228271484375e+01;5.657379913330078125e+01;2.006746673583984375e+01
5.766041564941406250e+01;5.657417297363281250e+01;1.996752738952636719e+01
5.765692520141601562e+01;5.657454299926757812e+01;1.986758995056152344e+01
5.765343475341796875e+01;5.657491683959960938e+01;1.976765060424804688e+01
5.764994812011718750e+01;5.657529067993164062e+01;1.966771316528320312e+01
5.764645767211914062e+01;5.657566070556640625e+01;1.956777381896972656e+01
5.764297103881835938e+01;5.657603454589843750e+01;1.946783638000488281e+01
5.763948059082031250e+01;5.657640838623046875e+01;1.936789703369140625e+01
5.763599014282226562e+01;5.657677841186523438e+01;1.926795959472656250e+01
5.763329315185546875e+01;5.657706832885742188e+01;1.919068717956542969e+01
5.763390350341796875e+01;5.658245849609375000e+01;1.909560203552246094e+01
5.762996292114257812e+01;5.658274459838867188e+01;1.899567985534667969e+01
5.762602615356445312e+01;5.658303451538085938e+01;1.889575767517089844e+01
5.762208557128906250e+01;5.658332061767578125e+01;1.879583549499511719e+01
5.761814498901367188e+01;5.658361053466796875e+01;1.869591331481933594e+01
5.761420440673828125e+01;5.658389663696289062e+01;1.859599304199218750e+01
5.761026763916015625e+01;5.658418655395507812e+01;1.849607086181640625e+01
5.760632705688476562e+01;5.658447265625000000e+01;1.839614868164062500e+01
5.760238647460937500e+01;5.658476257324218750e+01;1.829622650146484375e+01
5.759844970703125000e+01;5.658504867553710938e+01;1.819630432128906250e+01
5.759450912475585938e+01;5.658533859252929688e+01;1.809638214111328125e+01
5.759056854248046875e+01;5.658562469482421875e+01;1.799645996093750000e+01
5.758662796020507812e+01;5.658591461181640625e+01;1.789653778076171875e+01
5.758458709716796875e+01;5.658789062500000000e+01;1.781205368041992188e+01
5.758964157104492188e+01;5.658569335937500000e+01;1.771220588684082031e+01
5.759469223022460938e+01;5.658349609375000000e+01;1.761235809326171875e+01
5.759974670410156250e+01;5.658129882812500000e+01;1.751251029968261719e+01
5.760479736328125000e+01;5.657910156250000000e+01;1.741266059875488281e+01
5.760985183715820312e+01;5.657690429687500000e+01;1.731281280517578125e+01
5.761490249633789062e+01;5.657470703125000000e+01;1.721296501159667969e+01
5.761809158325195312e+01;5.657331848144531250e+01;1.714994621276855469e+01
5.762757110595703125e+01;5.653824615478515625e+01;1.705677986145019531e+01
5.763705444335937500e+01;5.650317382812500000e+01;1.696361160278320312e+01
5.764653396606445312e+01;5.646810531616210938e+01;1.687044525146484375e+01
5.765601348876953125e+01;5.643303298950195312e+01;1.677727890014648438e+01
5.766549682617187500e+01;5.639796066284179688e+01;1.668411064147949219e+01
5.767497634887695312e+01;5.636288833618164062e+01;1.659094429016113281e+01
5.768445968627929688e+01;5.632781600952148438e+01;1.649777603149414062e+01
5.768578338623046875e+01;5.632291412353515625e+01;1.648475074768066406e+01
5.767854690551757812e+01;5.631135940551757812e+01;1.638568496704101562e+01
5.767580032348632812e+01;5.630697250366210938e+01;1.634808158874511719e+01
5.767282867431640625e+01;5.630814743041992188e+01;1.624813270568847656e+01
5.766985702514648438e+01;5.630932617187500000e+01;1.614818382263183594e+01
5.766688537597656250e+01;5.631050109863281250e+01;1.604823493957519531e+01
5.766391372680664062e+01;5.631167602539062500e+01;1.594828605651855469e+01
5.766093826293945312e+01;5.631285095214843750e+01;1.584833717346191406e+01
5.765796661376953125e+01;5.631402969360351562e+01;1.574838829040527344e+01
5.765499496459960938e+01;5.631520462036132812e+01;1.564843940734863281e+01
5.765420532226562500e+01;5.631551742553710938e+01;1.562186145782470703e+01
5.764844512939453125e+01;5.632043457031250000e+01;1.552214908599853516e+01
5.764268112182617188e+01;5.632534790039062500e+01;1.542243576049804688e+01
5.763692092895507812e+01;5.633026504516601562e+01;1.532272338867187500e+01
5.763115692138671875e+01;5.633517837524414062e+01;1.522301006317138672e+01
5.762539672851562500e+01;5.634009552001953125e+01;1.512329769134521484e+01
5.761963653564453125e+01;5.634500885009765625e+01;1.502358436584472656e+01
5.761387252807617188e+01;5.634992599487304688e+01;1.492387199401855469e+01
5.760811233520507812e+01;5.635484313964843750e+01;1.482415866851806641e+01
5.760235214233398438e+01;5.635975646972656250e+01;1.472444629669189453e+01
5.759658813476562500e+01;5.636467361450195312e+01;1.462473392486572266e+01
5.759456634521484375e+01;5.636639785766601562e+01;1.458973026275634766e+01
5.757820129394531250e+01;5.636318206787109375e+01;1.449113082885742188e+01
5.756183624267578125e+01;5.635996246337890625e+01;1.439253139495849609e+01
5.754547119140625000e+01;5.635674667358398438e+01;1.429393196105957031e+01
5.752910614013671875e+01;5.635353088378906250e+01;1.419533252716064453e+01
5.752328872680664062e+01;5.635238647460937500e+01;1.416028118133544922e+01
5.749942016601562500e+01;5.635436248779296875e+01;1.406319141387939453e+01
5.747555541992187500e+01;5.635633850097656250e+01;1.396610164642333984e+01
5.745168685913085938e+01;5.635831451416015625e+01;1.386901187896728516e+01
5.742781829833984375e+01;5.636029052734375000e+01;1.377192115783691406e+01
5.740395355224609375e+01;5.636226654052734375e+01;1.367483139038085938e+01
5.738008499145507812e+01;5.636424255371093750e+01;1.357774162292480469e+01
5.735621643066406250e+01;5.636621856689453125e+01;1.348065185546875000e+01
5.733235168457031250e+01;5.636819458007812500e+01;1.338356208801269531e+01
5.730848312377929688e+01;5.637017059326171875e+01;1.328647232055664062e+01
5.728461837768554688e+01;5.637214660644531250e+01;1.318938159942626953e+01
5.727198791503906250e+01;5.637319183349609375e+01;1.313800907135009766e+01
5.724186325073242188e+01;5.636740493774414062e+01;1.304282951354980469e+01
5.721174240112304688e+01;5.636161804199218750e+01;1.294764995574951172e+01
5.718161773681640625e+01;5.635583114624023438e+01;1.285247039794921875e+01
5.715149688720703125e+01;5.635004806518554688e+01;1.275729084014892578e+01
5.714703750610351562e+01;5.634918975830078125e+01;1.274320125579833984e+01
5.710759735107421875e+01;5.632224273681640625e+01;1.265534687042236328e+01
5.706815719604492188e+01;5.629529571533203125e+01;1.256749248504638672e+01
5.702872085571289062e+01;5.626834487915039062e+01;1.247963905334472656e+01
5.698928070068359375e+01;5.624139785766601562e+01;1.239178466796875000e+01
5.697970962524414062e+01;5.623485946655273438e+01;1.237046527862548828e+01
5.693815231323242188e+01;5.621634674072265625e+01;1.228141403198242188e+01
5.689659118652343750e+01;5.619783401489257812e+01;1.219236278533935547e+01
5.689241409301757812e+01;5.619597244262695312e+01;1.218340969085693359e+01
5.688117980957031250e+01;5.618746948242187500e+01;1.208440685272216797e+01
5.686994934082031250e+01;5.617897033691406250e+01;1.198540401458740234e+01
5.685871505737304688e+01;5.617046737670898438e+01;1.188640117645263672e+01
5.684748077392578125e+01;5.616196823120117188e+01;1.178739833831787109e+01
5.683625030517578125e+01;5.615346527099609375e+01;1.168839550018310547e+01
5.682501602172851562e+01;5.614496612548828125e+01;1.158939266204833984e+01
5.681378173828125000e+01;5.613646316528320312e+01;1.149038982391357422e+01
5.680967712402343750e+01;5.613665008544921875e+01;1.145645046234130859e+01
5.680348968505859375e+01;5.614330673217773438e+01;1.135686397552490234e+01
5.679730224609375000e+01;5.614996719360351562e+01;1.125727844238281250e+01
5.679111099243164062e+01;5.615662384033203125e+01;1.115769195556640625e+01
5.678492355346679688e+01;5.616328048706054688e+01;1.105810642242431641e+01
5.677873611450195312e+01;5.616993713378906250e+01;1.095851993560791016e+01
5.677254867553710938e+01;5.617659759521484375e+01;1.085893440246582031e+01
5.676636123657226562e+01;5.618325424194335938e+01;1.075934791564941406e+01
5.676016998291015625e+01;5.618991088867187500e+01;1.065976238250732422e+01
5.675398254394531250e+01;5.619657135009765625e+01;1.056017589569091797e+01
5.675205993652343750e+01;5.619863891601562500e+01;1.052922344207763672e+01
5.673482131958007812e+01;5.623041152954101562e+01;1.043598461151123047e+01
5.671758270263671875e+01;5.626218032836914062e+01;1.034274673461914062e+01
5.670034408569335938e+01;5.629395294189453125e+01;1.024950790405273438e+01
5.668310546875000000e+01;5.632572174072265625e+01;1.015626907348632812e+01
5.666586685180664062e+01;5.635749435424804688e+01;1.006303024291992188e+01
5.666584777832031250e+01;5.635752487182617188e+01;1.006293678283691406e+01
5.665967941284179688e+01;5.639127731323242188e+01;9.969007492065429688e+00
5.665351104736328125e+01;5.642502975463867188e+01;9.875079154968261719e+00
5.664734268188476562e+01;5.645878601074218750e+01;9.781149864196777344e+00
5.664324951171875000e+01;5.648117065429687500e+01;9.718852996826171875e+00
5.663193130493164062e+01;5.651633071899414062e+01;9.625925064086914062e+00
5.662060928344726562e+01;5.655149459838867188e+01;9.532998085021972656e+00
5.660929107666015625e+01;5.658665466308593750e+01;9.440070152282714844e+00
5.660873031616210938e+01;5.658839797973632812e+01;9.435463905334472656e+00
5.659122085571289062e+01;5.662768936157226562e+01;9.345188140869140625e+00
5.657371139526367188e+01;5.666697692871093750e+01;9.254912376403808594e+00
5.656402969360351562e+01;5.668870162963867188e+01;9.204998016357421875e+00
5.654236602783203125e+01;5.673396301269531250e+01;9.118498802185058594e+00
5.652070236206054688e+01;5.677922439575195312e+01;9.031999588012695312e+00
5.649903869628906250e+01;5.682448577880859375e+01;8.945500373840332031e+00
5.647737503051757812e+01;5.686974716186523438e+01;8.859001159667968750e+00
5.646575546264648438e+01;5.689402008056640625e+01;8.812611579895019531e+00
5.645536041259765625e+01;5.693544387817382812e+01;8.722189903259277344e+00
5.644496536254882812e+01;5.697686767578125000e+01;8.631769180297851562e+00
5.643457031250000000e+01;5.701829147338867188e+01;8.541347503662109375e+00
5.642417907714843750e+01;5.705971527099609375e+01;8.450925827026367188e+00
5.641922378540039062e+01;5.707945632934570312e+01;8.407834053039550781e+00
5.639915084838867188e+01;5.716067123413085938e+01;8.353049278259277344e+00
5.637907791137695312e+01;5.724188613891601562e+01;8.298264503479003906e+00
5.635900878906250000e+01;5.732310104370117188e+01;8.243480682373046875e+00
5.633893585205078125e+01;5.740431213378906250e+01;8.188695907592773438e+00
5.631886291503906250e+01;5.748552703857421875e+01;8.133911132812500000e+00
5.631526565551757812e+01;5.750008392333984375e+01;8.124092102050781250e+00
5.629616546630859375e+01;5.759079360961914062e+01;8.086578369140625000e+00
5.628026580810546875e+01;5.766631698608398438e+01;8.055344581604003906e+00
