59.5293083190918 57.46000289916992 69.82640075683594 10.785820307737422 17.26002003051925 
59.513885498046875 57.47489547729492 69.72872924804688 10.8359480619657 17.03016592588762 
59.49846649169922 57.48979187011719 69.63105010986328 10.886826915115595 16.960230609350372 
59.4830436706543 57.50468444824219 69.53337860107422 10.93805925233037 16.87899637169681 
59.46762466430664 57.51957702636719 69.43569946289062 10.97772477571761 16.784130795231995 
59.45220184326172 57.53447341918945 69.33802795410156 11.015846115357101 16.72873823054209 
59.43678283691406 57.54936599731445 69.24034881591797 11.054220247679192 16.750634508644318 
59.42136001586914 57.56425857543945 69.1426773071289 11.092762909402499 16.770670804066697 
59.405941009521484 57.57915496826172 69.04500579833984 10.985417643571616 16.76857633915996 
59.39051818847656 57.59404754638672 68.94732666015625 11.053094191008723 16.766507780565767 
59.375099182128906 57.60894012451172 68.84965515136719 11.120962221284621 16.76451264653792 
59.359676361083984 57.623836517333984 68.7519760131836 11.05347792698441 16.758674484886228 
59.34425735473633 57.638729095458984 68.65430450439453 10.98251748164119 16.740330770585523 
59.33099365234375 57.65153884887695 68.57029724121094 10.534034155913893 20.76708240048188 
59.30799865722656 57.68681335449219 68.4795913696289 10.515299309353754 20.63355349542024 
59.285003662109375 57.722084045410156 68.3888931274414 10.483978715305067 20.50505231249241 
59.26200866699219 57.75735855102539 68.29818725585938 10.451524437039225 20.290557566968495 
59.239013671875 57.79262924194336 68.20748138427734 10.418958799085415 19.73894255112947 
59.22383499145508 57.81591033935547 68.14762115478516 10.710008424032887 17.479797440474844 
59.205135345458984 57.841888427734375 68.0528793334961 10.666818924659395 16.858696255987578 
59.18643569946289 57.86787033081055 67.95814514160156 10.630862817851892 16.74916983457916 
59.1677360534668 57.89384841918945 67.8634033203125 10.599214286381685 16.617586166282763 
59.1490364074707 57.919830322265625 67.76866912841797 10.56804548079496 16.487008425189284 
59.13033676147461 57.94580841064453 67.6739273071289 10.53694770930402 16.49031773123498 
59.111637115478516 57.97178649902344 67.57919311523438 10.509989677506914 16.525605473399786 
59.09293746948242 57.99776840209961 67.48445129394531 10.474638346201072 16.560665408676567 
59.07423782348633 58.023746490478516 67.38971710205078 10.431956506679319 16.615434966701198 
59.05553436279297 58.04972839355469 67.29497528076172 10.38965057498897 16.674158874943483 
59.036834716796875 58.075706481933594 67.20023345947266 10.34728752207259 16.739625220498286 
59.01813507080078 58.1016845703125 67.10549926757812 10.306760685424903 16.80386019124555 
58.99943542480469 58.12766647338867 67.01075744628906 10.268307228847233 16.85005956982429 
58.980735778808594 58.15364456176758 66.91602325439453 10.221252893243845 16.880724904018837 
58.9620361328125 58.17962646484375 66.82128143310547 10.173324445468308 16.89897323166 
58.943336486816406 58.205604553222656 66.72654724121094 10.125529692059306 16.917294508441483 
58.92463684082031 58.23158264160156 66.63180541992188 10.077781929902146 16.93567012516779 
58.90593719482422 58.257564544677734 66.53707122802734 10.032076754444807 16.947291860876884 
58.887237548828125 58.28354263305664 66.44232940673828 9.99463921857194 16.947990971746158 
58.86853790283203 58.30952453613281 66.34758758544922 9.957089896240593 16.948766008561485 
58.84983825683594 58.33550262451172 66.25285339355469 9.919674536272046 16.94962094214871 
58.831138610839844 58.361480712890625 66.15811157226562 9.894343886716491 16.950556479827103 
58.83039474487305 58.36251449584961 66.15435028076172 9.743110422960216 16.83936719931629 
58.83380889892578 58.375640869140625 66.0552749633789 9.774083986532915 16.798040685342393 
58.837223052978516 58.38876724243164 65.9561996459961 9.781529238962419 16.755031041128056 
58.84063720703125 58.40188980102539 65.85712432861328 9.788411309133327 16.712243053493214 
58.84404754638672 58.415016174316406 65.75804901123047 9.79533932430275 16.669385258935332 
58.84746170043945 58.42814254760742 65.65897369384766 9.802262002433748 16.62708351504469 
58.85087585449219 58.44126892089844 65.55989074707031 9.809199775975854 16.583203985194036 
58.85429000854492 58.45439147949219 65.4608154296875 9.79313241605123 16.533838556430375 
58.85657501220703 58.46318054199219 65.39448547363281 9.752118057396713 16.699140745647814 
58.85868835449219 58.473514556884766 65.2950439453125 9.670580958984091 16.65303411693092 
58.859100341796875 58.47553253173828 65.275634765625 9.52654868819595 16.45114632109447 
58.86433029174805 58.48515701293945 65.17623901367188 9.457432578245584 16.42511721638174 
58.86955642700195 58.49477767944336 65.07683563232422 9.389413306059597 16.409374181523702 
58.874786376953125 58.50440216064453 64.9774398803711 9.321692148029927 16.39383440846285 
58.87757110595703 58.509525299072266 64.92450714111328 9.14309769442353 17.269502692502176 
58.869815826416016 58.51045608520508 64.82481384277344 9.114894612017089 17.45822142678447 
58.862060546875 58.511390686035156 64.7251205444336 9.086815138687594 17.40194084478369 
58.85430908203125 58.51232147216797 64.62542724609375 9.058820483350845 17.34068003580593 
58.846553802490234 58.51325225830078 64.52572631835938 9.018085763048298 17.279629902206292 
58.83879852294922 58.514183044433594 64.42603302001953 8.967546168097188 17.30594001815775 
58.8310432434082 58.51511764526367 64.32633972167969 8.917330901441813 17.356807255446295 
58.82329177856445 58.516048431396484 64.22664642333984 8.86736060999488 17.40759032367513 
58.81553649902344 58.5169792175293 64.126953125 8.817943307941999 17.329801638545195 
58.80778121948242 58.51791000366211 64.02725982666016 8.832836526866146 17.104981367200505 
58.800025939941406 58.51884460449219 63.92756271362305 8.843500400064604 17.01846610852461 
58.79227066040039 58.519775390625 63.82786560058594 8.806335646138752 16.971020136395737 
58.78451919555664 58.52070617675781 63.728172302246094 8.769683966876931 16.926293213462618 
58.776763916015625 58.521636962890625 63.62847900390625 8.733926065314355 16.881178126187752 
58.76900863647461 58.5225715637207 63.52878189086914 8.755122660378571 16.836428512629734 
58.761253356933594 58.523502349853516 63.4290885925293 8.783417057267735 16.780970852133464 
58.75349807739258 58.52443313598633 63.32939529418945 8.771562895401736 16.71505893504798 
58.74574661254883 58.52536392211914 63.229698181152344 8.760209903935321 16.650090196358708 
58.73799133300781 58.52629852294922 63.1300048828125 8.749395839399988 16.585544478648977 
58.7302360534668 58.52722930908203 63.030311584472656 8.787159649799397 16.520992954721827 
58.72949981689453 58.52731704711914 63.02083969116211 8.76509965723003 16.50689042574445 
58.730567932128906 58.521114349365234 62.92103958129883 8.750615536589931 16.495732189118655 
58.73163604736328 58.51491165161133 62.82123565673828 8.774816179769774 16.46513570646735 
58.732704162597656 58.50870895385742 62.721435546875 8.786936381371303 16.434517834690197 
58.73377227783203 58.502506256103516 62.62163162231445 8.794231507949473 16.403924854413336 
58.734840393066406 58.49630355834961 62.52183151245117 8.80176050676179 16.373310595522035 
58.73590850830078 58.4901008605957 62.422027587890625 8.804636786025 16.318820348678127 
58.736534118652344 58.486473083496094 62.363651275634766 8.092176448205727 17.492738079276652 
58.71828842163086 58.48017883300781 62.26552963256836 8.062194393345203 17.429471466272968 
58.700042724609375 58.4738883972168 62.16741180419922 8.032278581022181 17.46524278739179 
58.68179702758789 58.467594146728516 62.06929016113281 8.018500680879242 17.50146413620005 
58.663551330566406 58.4613037109375 61.97117233276367 8.00987522745587 17.537834724225974 
58.64530563354492 58.45500946044922 61.873050689697266 8.004977759263415 17.329660430121304 
58.62705993652344 58.44871520996094 61.774932861328125 8.013597576258547 17.126460876525393 
58.60881423950195 58.44242477416992 61.67681121826172 8.02227385125686 17.057643528614303 
58.59056854248047 58.43613052368164 61.57869338989258 8.030956809301859 16.995938032194378 
58.572322845458984 58.429840087890625 61.48057174682617 8.042498924808283 16.934996546266195 
58.56766128540039 58.42823028564453 61.455501556396484 7.887451605606696 17.19021400924843 
58.54587173461914 58.45367431640625 61.36127853393555 7.920314604971503 17.698694803207378 
58.52408218383789 58.4791145324707 61.26705551147461 7.953582594134522 17.719940048862853 
58.502288818359375 58.50455856323242 61.17283248901367 7.98983283050183 17.740969982678845 
58.480499267578125 58.529998779296875 61.07861328125 8.026687108384964 18.346356296845492 
58.458709716796875 58.555442810058594 60.98439025878906 8.031463617158222 18.366880790203506 
58.436920166015625 58.58088302612305 60.890167236328125 8.036539744954865 18.388078011456237 
58.41512680053711 58.606327056884766 60.79594421386719 8.041890328633665 18.41510659518382 
58.39333724975586 58.63176727294922 60.70172119140625 8.0422728242158 15.738203190795113 
58.37154769897461 58.65721130371094 60.60749816894531 8.04235840362979 18.752871681670957 
58.34975814819336 58.68265151977539 60.51327896118164 8.04275967525327 16.30431753488789 
58.327964782714844 58.70809555053711 60.4190559387207 8.036827680384134 18.90967895468275 
58.313812255859375 58.7246208190918 60.357852935791016 7.7144528143308655 16.19005087468714 
58.30525588989258 58.72694396972656 60.25824737548828 7.6267903552751335 16.208858773237303 
58.29669952392578 58.72926712036133 60.15864181518555 7.562870485005608 16.227688997214845 
58.288143157958984 58.731590270996094 60.05903625488281 7.506809289862267 16.239019881758068 
58.27958679199219 58.73391342163086 59.95942687988281 7.450917090954868 16.246373302659578 
58.27103042602539 58.73624038696289 59.85982131958008 7.394703439051273 16.25400113125862 
58.262474060058594 58.738563537597656 59.760215759277344 7.3521657602052946 16.26203443062996 
58.2539176940918 58.74088668823242 59.66061019897461 7.315583481162007 16.270438524358337 
58.245357513427734 58.74320983886719 59.561004638671875 7.279065361280371 16.299378426639336 
58.23680114746094 58.74553298950195 59.46139907836914 7.242782719805899 16.287389321441914 
58.23639678955078 58.745643615722656 59.45667266845703 7.243060959585437 16.283480667306737 
58.22833251953125 58.74808883666992 59.35702896118164 7.209995767216683 16.256105720372922 
58.22026824951172 58.75053787231445 59.25738525390625 7.197086547238748 16.23193221566083 
58.21220016479492 58.75298309326172 59.15774154663086 7.1842261280287065 16.22075121987522 
58.20413589477539 58.755428314208984 59.0580940246582 7.1713873328494735 16.192942171932156 
58.19607162475586 58.75787353515625 58.95845031738281 7.148280307054293 16.198463523587694 
58.18800735473633 58.76032257080078 58.85880661010742 7.128629665646364 16.154641110974605 
58.17993927001953 58.76276779174805 58.75916290283203 7.140389573022147 16.11021563966688 
58.171875 58.76521301269531 58.65951919555664 7.161405156845485 16.065921581035532 
58.16381072998047 58.767662048339844 58.55987548828125 7.184398435102635 16.394364892054796 
58.15574645996094 58.77010726928711 58.46023178100586 7.198272534315209 16.35109641813005 
58.14767837524414 58.772552490234375 58.36058807373047 7.212196135920613 16.38416614402291 
58.13961410522461 58.77499771118164 58.26094055175781 7.236831642853479 16.45471426326926 
58.13154983520508 58.77744674682617 58.16129684448242 7.268752640189948 16.478271962061296 
58.12348556518555 58.77989196777344 58.06165313720703 7.3015129648272845 16.50219721820958 
58.115421295166016 58.7823371887207 57.96200942993164 7.335077281603578 16.526496135248266 
58.10735321044922 58.784786224365234 57.86236572265625 7.34665792947187 16.960356174650936 
58.100643157958984 58.78800964355469 57.769065856933594 6.57478894040764 16.40417864190178 
58.099395751953125 58.77719497680664 57.66965866088867 6.514907385035957 16.396920419767795 
58.09834289550781 58.76806640625 57.58574295043945 6.297422213260478 16.50254333841023 
58.10283660888672 58.74850082397461 57.48777770996094 6.294696659096007 16.5033995049455 
58.107330322265625 58.72893524169922 57.38981628417969 6.294416692531789 16.502751114766156 
58.11182403564453 58.70936584472656 57.29185104370117 6.29551552017221 16.499431708614765 
58.11631393432617 58.68980026245117 57.193885803222656 6.295534691218332 16.496202012407036 
58.12080764770508 58.67023468017578 57.09592056274414 6.3007819082793075 16.493013275847716 
58.125301361083984 58.65066909790039 56.99795913696289 6.317916471282257 16.47943619529999 
58.12979507446289 58.631103515625 56.899993896484375 6.33520953824856 16.465735463561792 
58.1342887878418 58.61153793334961 56.80202865600586 6.352672946654181 16.44457740620479 
58.1387825012207 58.59196853637695 56.70406723022461 6.370213351949076 16.42186490352978 
58.143272399902344 58.57240295410156 56.606101989746094 6.405286892350995 16.398739413153056 
58.14776611328125 58.55283737182617 56.50813674926758 6.449036669412941 16.365107305221375 
58.152259826660156 58.53327178955078 56.41017150878906 6.401660055086295 16.359727223578627 
58.15675354003906 58.51370620727539 56.31221008300781 6.2907807961687014 16.354393908419052 
58.16034698486328 58.49805450439453 56.233848571777344 6.072004425776701 16.335512216476367 
58.16020202636719 58.478187561035156 56.135841369628906 6.022730654347275 16.319501515690863 
58.16005325317383 58.45832061767578 56.03783416748047 5.9712225520741935 16.303988837550257 
58.159908294677734 58.438453674316406 55.9398307800293 5.932659536039356 16.2889901977908 
58.159881591796875 58.43475341796875 55.92158126831055 6.329518037347355 17.276197348892435 
58.17237854003906 58.39736557006836 55.829681396484375 6.275727034792107 17.09569263026088 
58.179107666015625 58.37722396850586 55.780174255371094 6.218812143153187 18.567892198540907 
58.199153900146484 58.33552551269531 55.69152069091797 6.147816089672836 18.51016110243154 
58.21919631958008 58.2938232421875 55.602867126464844 6.068767692777246 18.451967668133783 
58.23924255371094 58.25212478637695 55.51421356201172 5.983612765572326 19.688366558155423 
58.25928497314453 58.210426330566406 55.42556381225586 5.912394654373617 18.306719914109767 
58.27933120727539 58.168724060058594 55.336910247802734 5.8677332833704 18.220166383496238 
58.299373626708984 58.12702560424805 55.24825668334961 5.824833694538045 18.131847722912767 
58.319419860839844 58.0853271484375 55.159603118896484 5.781953831684405 18.018171774882653 
58.33946228027344 58.04362487792969 55.07094955444336 5.74148740298897 17.863175861356492 
58.3595085144043 58.00192642211914 54.982295989990234 5.708502824651649 17.67666867608573 
58.37955093383789 57.960227966308594 54.89364242553711 5.686993167092073 17.458213480117383 
58.394569396972656 57.928985595703125 54.82722473144531 5.725368243724745 17.034444321319228 
58.42926788330078 57.894710540771484 54.739925384521484 5.769676241364851 16.895820148955508 
58.46396255493164 57.860435485839844 54.65262222290039 5.814104482715278 16.807675999516263 
58.498661041259766 57.8261604309082 54.56532287597656 5.8587057467129195 16.722774411932637 
58.50291442871094 57.82196044921875 54.554622650146484 5.505733679938414 21.210772929621736 
58.5356559753418 57.76667785644531 54.47799301147461 5.515325206785862 21.138249451109612 
58.54661560058594 57.7481689453125 54.45233917236328 5.468903190053942 15.864935521478635 
58.55708312988281 57.723793029785156 54.35592269897461 5.46758695971945 15.785343523230162 
58.56755447387695 57.69941329956055 54.25950622558594 5.466387571593295 21.870045484328276 
58.5716667175293 57.68983840942383 54.22163009643555 5.819117171742238 16.490450037505557 
58.559024810791016 57.690635681152344 54.1224365234375 5.857373320171244 13.905793054980377 
58.54637908935547 57.69143295288086 54.02324295043945 5.89493494139059 13.85925958537486 
58.53373718261719 57.692230224609375 53.92404556274414 5.907402896008508 13.475966823425892 
58.52109146118164 57.69302749633789 53.824851989746094 5.913055990367487 13.54719253415329 
58.50844955444336 57.693824768066406 53.72565841674805 5.897001404448064 13.365025844579462 
58.49580764770508 57.69462203979492 53.62646484375 5.875504975238164 13.457643602908494 
58.48316192626953 57.69541931152344 53.52727127075195 5.829082338121798 13.427910883724412 
58.47052001953125 57.69621658325195 53.42807388305664 5.810875912652165 17.905358781434547 
58.46134948730469 57.69746017456055 53.3441276550293 5.7515494299277625 17.871693700610994 
58.447566986083984 57.70272445678711 53.24522018432617 5.729222005016208 17.836352969650395 
58.43378829956055 57.70798873901367 53.14631652832031 5.632506208358227 17.804186997513096 
58.420005798339844 57.713253021240234 53.04740905761719 5.534491896818529 17.790385086436924 
58.40622329711914 57.7185173034668 52.94850540161133 5.47180735873884 17.776516978199187 
58.3924446105957 57.72378158569336 52.8495979309082 5.409169833960246 17.762833514002633 
58.378662109375 57.72904586791992 52.750694274902344 5.34615821828995 17.74908090064577 
58.3648796081543 57.734310150146484 52.65178680419922 5.283378574813353 17.753409890504997 
58.35110092163086 57.73957443237305 52.552879333496094 5.224214268848524 17.762756440349364 
58.337318420410156 57.74483871459961 52.453975677490234 5.18715120144856 17.77216104428691 
58.32353591918945 57.75010299682617 52.35506820678711 5.150916931509408 17.781608516405452 
58.309757232666016 57.755367279052734 52.25616455078125 5.117717500893087 17.790979032511327 
58.30078125 57.75879669189453 52.19175338745117 4.993747285474176 17.770200819915505 
58.28187942504883 57.764888763427734 52.093746185302734 4.9365461552755185 17.754515853854308 
58.262977600097656 57.77098083496094 51.99573516845703 4.879995156188486 17.760270588276367 
58.244075775146484 57.777069091796875 51.897727966308594 4.7927317810905885 17.76616709216444 
58.24116897583008 57.77800750732422 51.882652282714844 4.87402475952594 17.78282376049667 
58.22749710083008 57.779518127441406 51.78360366821289 4.792737979532828 17.785605860696343 
58.21382141113281 57.78102493286133 51.68455505371094 4.7172987324861575 17.783195033926987 
58.20014953613281 57.782535552978516 51.58550262451172 4.643112585545638 7.371425009639588 
58.18647766113281 57.78404235839844 51.486454010009766 4.570373479879605 7.340266939787463 
58.17280578613281 57.785552978515625 51.38740539550781 4.497910616638115 7.404892364408695 
58.15913009643555 57.78705978393555 51.28835678100586 4.42915179190833 7.472811851363761 
58.14545822143555 57.788570404052734 51.189308166503906 4.364440652795295 7.539676950278003 
58.13178634643555 57.790077209472656 51.09025573730469 4.311487326718022 7.590337859696204 
58.11811065673828 57.791587829589844 50.991207122802734 4.279289267893117 7.642485962910385 
58.11170196533203 57.792293548583984 50.94477081298828 4.236686167425496 7.637062722136239 
58.099613189697266 57.79487991333008 50.84553909301758 4.210839902931673 7.686121160653152 
58.087528228759766 57.79746627807617 50.74630355834961 4.185159619277433 7.736048391758629 
58.075439453125 57.800052642822266 50.647071838378906 4.159512386365563 7.776790121381869 
58.063350677490234 57.80263900756836 50.5478401184082 4.144582394414795 7.811694191489908 
58.051265716552734 57.80522537231445 50.448604583740234 4.131552844886208 7.846176916316904 
58.03917694091797 57.80781173706055 50.34937286376953 4.118543705822139 7.881114687403427 
58.0270881652832 57.81039810180664 50.25014114379883 4.10717739286523 7.9162294418805805 
58.0150032043457 57.812984466552734 50.15090560913086 4.106360275127701 7.935739108496089 
58.00307083129883 57.81553649902344 50.05295944213867 4.107503159691204 7.978851604675311 
57.9880256652832 57.81557083129883 49.954097747802734 4.110696794180254 7.996245897827463 
57.97298049926758 57.81560516357422 49.8552360534668 4.111708197618433 8.002762337126104 
57.95793533325195 57.815635681152344 49.75637435913086 4.1132587178200035 8.000455465086029 
57.9532585144043 57.815673828125 49.725257873535156 4.119337521519476 8.002497269301115 
57.941871643066406 57.81732177734375 49.62592315673828 4.1330987342719085 7.998864177462065 
57.930694580078125 57.81894302368164 49.528419494628906 4.130547585780285 7.992629524372009 
57.92873001098633 57.820465087890625 49.42845153808594 4.139615200299354 7.990129075542154 
57.926761627197266 57.821990966796875 49.3284797668457 4.148808612955999 7.970449281317294 
57.92479705810547 57.82351303100586 49.228511810302734 4.168057324434469 7.945687030784819 
57.92283248901367 57.82503890991211 49.128543853759766 4.194695013177128 7.920821953617952 
57.921531677246094 57.826045989990234 49.06246566772461 4.167214187979676 7.744759398878028 
57.92270278930664 57.82307434082031 48.96342849731445 4.212584657195279 7.8259764682456 
57.92676544189453 57.82370376586914 48.8635139465332 4.23638607016419 7.774141514019771 
57.93083190917969 57.8243293762207 48.76359939575195 4.275997301726506 7.722654381616775 
57.93489456176758 57.82495880126953 48.66368103027344 4.318630533003229 7.670989582989987 
57.938961029052734 57.82558822631836 48.56376647949219 4.362682988865642 7.599342752075816 
57.943023681640625 57.82621383666992 48.46385192871094 4.404506972283578 7.512704962842449 
57.94709014892578 57.82684326171875 48.36393737792969 4.379275119910604 7.427578646159877 
57.95115280151367 57.82747268676758 48.26401901245117 4.354831668311412 7.31221189637558 
57.95521926879883 57.82809829711914 48.16410446166992 4.34414173170936 7.250892469141952 
57.96112823486328 57.82913589477539 48.10101318359375 4.30295323616352 7.772881890416483 
57.986541748046875 57.835933685302734 48.042972564697266 4.292025038603771 7.38571560045737 
58.02434158325195 57.84136199951172 47.9505500793457 4.291121467713011 7.2252699013091135 
58.06214141845703 57.84679412841797 47.858131408691406 4.290219332512667 7.0671423715283055 
58.09994125366211 57.85222244262695 47.765708923339844 4.293525316208753 19.195093603126562 
58.13774490356445 57.85765075683594 47.67328643798828 4.298366779331383 6.692981307622761 
58.17554473876953 57.86308288574219 47.580867767333984 4.306874025937407 18.886704447148045 
58.19682312011719 57.86613845825195 47.528839111328125 4.302047416728398 7.8143491096165505 
58.231571197509766 57.88444900512695 47.43687438964844 4.305093038475474 7.734182689434641 
58.266319274902344 57.90275955200195 47.344913482666016 4.308859571014905 7.653991001017773 
58.30107116699219 57.92107009887695 47.25294876098633 4.313199959936195 7.536917413552224 
58.335819244384766 57.93937683105469 47.16098403930664 4.3180816426840245 7.404722055135706 
58.34721755981445 57.94538497924805 47.13081741333008 4.348434669514307 6.71235755907959 
58.37847900390625 57.95993423461914 47.036949157714844 4.363999711677938 6.450772831639961 
58.3813591003418 57.96127700805664 47.028297424316406 4.374502615824965 8.386951732921204 
58.38895797729492 57.99588394165039 46.934783935546875 4.40643645323118 8.350650657051604 
58.39655685424805 58.030494689941406 46.84127426147461 4.414364092917215 8.314091077059329 
58.404151916503906 58.065101623535156 46.74776077270508 4.369496560534099 8.265626473163485 
58.41175079345703 58.099708557128906 46.65424728393555 4.338188786571776 8.201854063323795 
58.419349670410156 58.134315490722656 46.56073760986328 4.314237981486505 8.13813720591382 
58.42694854736328 58.16892623901367 46.46722412109375 4.290499213050579 8.073520540768413 
58.42741394042969 58.17104721069336 46.461490631103516 4.272978697289246 8.050688840645629 
58.439857482910156 58.20584487915039 46.368568420410156 4.272581599925386 7.95365035112369 
58.45099639892578 58.23700714111328 46.28536605834961 4.272069971928071 6.548185755631801 
58.45484161376953 58.26015090942383 46.18815612792969 4.266838674629802 6.484673921115767 
58.45869064331055 58.283294677734375 46.09095001220703 4.261603429134786 6.4023402677569266 
58.4625358581543 58.30643844604492 45.99374008178711 4.254278733868155 21.871286335864085 
58.463279724121094 58.312599182128906 45.96830368041992 4.269472369995725 7.046906622346272 
58.4520149230957 58.341529846191406 45.87324523925781 4.2596688728526235 6.910988982688344 
58.44075012207031 58.37045669555664 45.7781867980957 4.2498589443035115 6.874176178876009 
58.42948532104492 58.39938735961914 45.683128356933594 4.239860264851136 6.815334833146813 
58.41822052001953 58.42831802368164 45.588069915771484 4.225906969275563 6.755844296414317 
58.4139518737793 58.439273834228516 45.55206298828125 4.245727456692391 6.621765802353494 
58.40046691894531 58.459251403808594 45.45500946044922 4.23106136070757 6.533655875944785 
58.38698196411133 58.479225158691406 45.35795974731445 4.212108115920266 6.441483479604546 
58.373497009277344 58.499202728271484 45.26090621948242 4.20556546966921 6.293448740432503 
58.36252975463867 58.513038635253906 45.1777458190918 4.172250748048885 6.261600380126966 
58.35056686401367 58.5330924987793 45.080509185791016 4.161917917348052 6.280265824131786 
58.33860778808594 58.55314254760742 44.983272552490234 4.1519460193655116 6.730848515847873 
58.32664489746094 58.57319641113281 44.88603973388672 4.1424992060056365 6.956202398205772 
58.3160514831543 58.5909538269043 44.799930572509766 4.1303090846714205 6.4996399406954914 
58.304222106933594 58.607295989990234 44.701988220214844 4.1228879294633485 6.809077848713114 
58.292396545410156 58.62363815307617 44.604042053222656 4.110673285844795 7.011767433177158 
58.28056716918945 58.63998031616211 44.506099700927734 4.122294777517208 7.156938584294727 
58.26873779296875 58.65632247924805 44.40815353393555 4.129356467783182 7.302733106071093 
58.25691223144531 58.67266845703125 44.310211181640625 4.136366543613378 7.43238243587729 
58.24508285522461 58.68901062011719 44.2122688293457 4.143550466633928 7.531436797193619 
58.233253479003906 58.705352783203125 44.114322662353516 4.1562715214968415 7.587350308350157 
58.2235107421875 58.71800994873047 44.03533172607422 4.170911799046468 7.2837902493235385 
58.21251678466797 58.728973388671875 43.93654251098633 4.183877223768573 7.4109904138409055 
58.20152282714844 58.73993682861328 43.8377571105957 4.196835897180906 7.498893242389503 
58.190528869628906 58.75089645385742 43.73896789550781 4.2114748131028295 7.58858843790534 
58.17953109741211 58.76185989379883 43.64018249511719 4.2489594888810425 7.665427332232424 
58.16853713989258 58.772823333740234 43.5413932800293 4.286581177315433 7.741099394778938 
58.15754318237305 58.78378677368164 43.44260787963867 4.323218235373626 7.81845561501423 
58.15618896484375 58.78513717651367 43.43043899536133 4.2640735788653075 6.779784690477477 
58.13344955444336 58.778507232666016 43.33328628540039 4.299071469204832 6.910971895341725 
58.11071014404297 58.771881103515625 43.23612976074219 4.333984585765645 7.053258849541864 
58.08796691894531 58.76525115966797 43.13897705078125 4.362466119481325 7.1885782861432785 
58.06522750854492 58.75862503051758 43.04182052612305 4.3910374963527365 7.276976042045824 
58.04248809814453 58.75199508666992 42.94466781616211 4.428625267289897 7.36338603066679 
58.01974868774414 58.745365142822266 42.84751510620117 4.468140896908948 7.426636533176986 
57.997005462646484 58.738739013671875 42.75035858154297 4.50965319781204 7.49405177200568 
57.974266052246094 58.73210906982422 42.65320587158203 4.556322871181998 7.562386422215632 
57.9515266418457 58.72548294067383 42.55604934692383 4.586409103895513 7.6308300859132645 
57.92878723144531 58.71885299682617 42.45889663696289 4.543900398085862 7.670010859969693 
57.906044006347656 58.712223052978516 42.36174392700195 4.503762250626435 7.708389951805334 
57.904876708984375 58.711883544921875 42.35675048828125 4.524537986456346 17.768261005961552 
57.87888717651367 58.68096923828125 42.2652702331543 4.560324907895866 17.647414999867994 
57.85289764404297 58.65005111694336 42.173789978027344 4.618183193037169 17.580693468506 
57.82691192626953 58.619136810302734 42.082305908203125 4.675829403360399 17.48666988063996 
57.80092239379883 58.588218688964844 41.99082565307617 4.738600216641937 17.394007371177164 
57.77965545654297 58.56291961669922 41.91596603393555 4.716276708605675 17.545307891341185 
57.75251770019531 58.53325271606445 41.829044342041016 4.774765378123293 17.507869064006883 
57.74540328979492 58.52332305908203 41.802520751953125 4.870457304227796 17.39007338541302 
57.718502044677734 58.491355895996094 41.711666107177734 4.9386155979853354 17.180109769816028 
57.69160079956055 58.45939254760742 41.620811462402344 4.957393085258585 16.945301993945844 
57.664695739746094 58.427425384521484 41.52995681762695 4.976220299325434 16.915635526812913 
57.637794494628906 58.39545822143555 41.43910598754883 4.995085939034322 16.97893743336716 
57.61089324951172 58.36349105834961 41.34825134277344 5.013992593945389 17.116654700273962 
57.58399200439453 58.33152770996094 41.25739669799805 5.071874279604247 21.172026362310323 
57.56897735595703 58.31451416015625 41.207584381103516 5.20468407714844 21.08059215269595 
57.54503631591797 58.28633117675781 41.11467361450195 5.267343783383894 18.971274557265748 
57.521095275878906 58.258148193359375 41.021759033203125 5.330073327279145 18.783745917206925 
57.49715805053711 58.2299690246582 40.92884826660156 5.392551831556361 17.901968154095407 
57.47321701049805 58.201786041259766 40.8359375 5.42642863950665 17.851469929330744 
57.449275970458984 58.17360305786133 40.74302673339844 5.415804366059718 17.801188692705836 
57.42533493041992 58.14542007446289 40.65011215209961 5.419034171739762 18.131124861956934 
57.40139389038086 58.11723709106445 40.55720138549805 5.423819201908693 20.650695968700703 
57.3774528503418 58.08905792236328 40.464290618896484 5.428644562462823 20.7263802223922 
57.353515625 58.060874938964844 40.371376037597656 5.4334751334134115 20.159006928154348 
57.32957458496094 58.032691955566406 40.278465270996094 5.448695303835909 20.439231357002257 
57.32612228393555 58.028629302978516 40.265071868896484 5.452709429627102 18.37785282649273 
57.30070877075195 57.994468688964844 40.17458724975586 5.474184840555155 18.448640928190912 
57.27529525756836 57.96030807495117 40.0841064453125 5.5062458426314915 18.519009679453454 
57.249881744384766 57.9261474609375 39.993621826171875 5.544621620617029 18.58640381643766 
57.22446823120117 57.89198684692383 39.90313720703125 5.584814233792974 18.51092495463014 
57.21632385253906 57.881038665771484 39.87413787841797 5.5029132019225315 20.643076577676915 
57.187015533447266 57.850276947021484 39.78361511230469 5.534864567695229 19.76464292804432 
57.15770721435547 57.81951141357422 39.69308853149414 5.568272774012301 19.921167602935068 
57.153160095214844 57.81473922729492 39.679046630859375 5.514188977382519 19.949127921716634 
57.13063049316406 57.79079818725586 39.5846061706543 5.505907701885339 19.99146176617368 
57.108097076416016 57.7668571472168 39.49016571044922 5.49649446744149 20.040127570217976 
57.09636688232422 57.754390716552734 39.44099426269531 5.638768604324709 19.749733535266458 
57.07912826538086 57.75629425048828 39.34251022338867 5.625403137196994 19.734696124580402 
57.0618896484375 57.75819778442383 39.24402618408203 5.622214444926644 19.70279737884335 
57.04465103149414 57.760101318359375 39.14554214477539 5.628451573294626 19.808910099682382 
57.027408599853516 57.76200485229492 39.04705810546875 5.634702419103071 19.857163928981496 
57.01873016357422 57.762962341308594 38.99747085571289 5.635402777394169 22.945401977945426 
57.00777816772461 57.768798828125 38.89824295043945 5.640897146629462 22.881549271391528 
57.00111389160156 57.7723503112793 38.83784484863281 5.721147498099613 22.56020278055253 
56.98481750488281 57.7877197265625 38.740386962890625 5.7262942128758825 19.928844229957896 
56.96829605102539 57.8044319152832 38.650123596191406 5.672947881143237 23.853632559875784 
56.967498779296875 57.811283111572266 38.614864349365234 5.674588426724377 19.926811630232585 
56.95952606201172 57.81498718261719 38.51525115966797 5.683881881684795 19.935258154279175 
56.95155715942383 57.81869125366211 38.4156379699707 5.698878163635598 19.943881250229207 
56.94358444213867 57.822391510009766 38.31602478027344 5.71388890544661 19.926080365456148 
56.935611724853516 57.82609558105469 38.21641159057617 5.738066145828696 19.903026432393098 
56.92763900756836 57.82979965209961 38.116798400878906 5.771297255511659 19.88019292558592 
56.91967010498047 57.83350372314453 38.01718521118164 5.8033472644736275 19.85713812850537 
56.91169738769531 57.83720779418945 37.917572021484375 5.844304420964053 19.86395550455906 
56.903724670410156 57.840911865234375 37.817962646484375 5.899601875863595 20.010586784393745 
56.895755767822266 57.84461212158203 37.71834945678711 5.954798282791472 20.128034230735537 
56.88778305053711 57.84831619262695 37.618736267089844 6.010393285450618 20.14609864712468 
56.88399124145508 57.85007858276367 37.571353912353516 5.919376807768685 19.082213225735103 
56.872802734375 57.8450813293457 37.47210693359375 5.9747814489007816 19.079089554910876 
56.86161422729492 57.840084075927734 37.372859954833984 6.029398009007263 19.06175861322478 
56.850425720214844 57.835086822509766 37.27361297607422 6.078056868616532 19.044729463511718 
56.846893310546875 57.8335075378418 37.24227523803711 6.235260469756925 18.57411388780775 
56.863555908203125 57.78126525878906 37.15864944458008 6.214744909500071 19.571632835300818 
56.880218505859375 57.729026794433594 37.07502365112305 6.194084894919241 19.530583774231435 
56.88573455810547 57.71173858642578 37.0473518371582 6.691159917758421 21.986714753408172 
56.92575454711914 57.67518997192383 36.963314056396484 6.824555963462325 21.888317125201407 
56.96577835083008 57.638641357421875 36.879276275634766 6.970733058530371 21.68796062909173 
57.00579833984375 57.60209274291992 36.79523468017578 7.109580054510956 21.489356308628984 
57.04581832885742 57.56554412841797 36.71119689941406 7.088067999444757 20.679141134964357 
57.08584213256836 57.528995513916016 36.627159118652344 7.013999983952498 20.47464171570707 
57.12586212158203 57.49244689941406 36.543121337890625 6.887919841111416 20.269665220704056 
57.1658821105957 57.45589828491211 36.45907974243164 6.761485266936831 20.097366181731626 
57.20590591430664 57.419349670410156 36.37504196166992 6.6314305992879365 20.078300543460397 
57.22610092163086 57.40090560913086 36.33263397216797 6.33877701285152 20.094400103838254 
57.26939010620117 57.364585876464844 36.25012969970703 6.262888416207437 20.074672902661398 
57.31268310546875 57.32826614379883 36.167625427246094 6.195514161356837 20.054991570239743 
57.35597229003906 57.29194641113281 36.08512496948242 6.128300215593911 20.016576316004148 
57.399261474609375 57.2556266784668 36.002620697021484 6.050280437450746 19.967064743869145 
57.44255447387695 57.21930694580078 35.92011642456055 5.959630570468669 19.917618531580263 
57.485843658447266 57.182987213134766 35.83761215209961 5.86896378808291 19.9022334775207 
57.52913284301758 57.14666748046875 35.75511169433594 5.764510060891155 19.581162052248025 
57.542362213134766 57.13557052612305 35.72990036010742 5.816637138340356 19.94839649942583 
57.58258056640625 57.09712600708008 35.64680480957031 5.699514612833452 19.903716086880568 
57.62279510498047 57.05868148803711 35.56371307373047 5.619146140822002 19.924522540458337 
57.66301345825195 57.02023696899414 35.48061752319336 5.532409737615248 19.914858932809018 
57.70322799682617 56.98179244995117 35.397525787353516 5.449827140511513 19.90534089837786 
57.743446350097656 56.94334411621094 35.314430236816406 5.363363703201339 19.895885334711327 
57.783660888671875 56.90489959716797 35.2313346862793 5.29061956115352 19.886595972460153 
57.82387924194336 56.866455078125 35.14824295043945 5.239393886846783 19.845969386873964 
57.86409378051758 56.82801055908203 35.065147399902344 5.188098345779996 19.804202322960627 
57.90431213378906 56.78956604003906 34.9820556640625 5.157690502089937 19.76215362323217 
57.94453048706055 56.751121520996094 34.89896011352539 5.130305567361695 19.71975781170982 
57.95729446411133 56.73891830444336 34.87258529663086 5.645283293926099 19.67366464529306 
57.97300338745117 56.72090530395508 34.775482177734375 5.73584272932696 19.656676880828964 
57.98871612548828 56.7028923034668 34.678382873535156 5.826830238557803 19.639441276331908 
58.004425048828125 56.684879302978516 34.58127975463867 5.903653755698039 19.615532887827243 
58.020137786865234 56.666866302490234 34.48418045043945 5.971892105084558 19.570510131514585 
58.02093505859375 56.665950775146484 34.479251861572266 6.374764804299232 19.94129176173154 
58.016109466552734 56.67372512817383 34.37967300415039 6.34451549942832 19.855012223634045 
58.011287689208984 56.681495666503906 34.28009033203125 6.314100724592193 19.769794624452665 
58.00646209716797 56.68927001953125 34.180511474609375 6.283895304356887 19.683570839736284 
58.00164031982422 56.697044372558594 34.080928802490234 6.230576766310041 19.60676874170308 
57.9968147277832 56.70481491088867 33.98134994506836 6.175035126689913 19.605830514749442 
57.99198913574219 56.712589263916016 33.88176727294922 6.008395087249374 19.60488876464323 
57.98716735839844 56.72036361694336 33.782188415527344 5.869210383408745 19.603965589868842 
57.98234176635742 56.72813415527344 33.6826057434082 5.7327423988707364 19.603015034587937 
57.98147201538086 56.72953796386719 33.664634704589844 5.391557804842888 19.6043554114302 
57.97409439086914 56.744808197021484 33.56608200073242 5.321795882959678 19.602770504258597 
57.972740173339844 56.747615814208984 33.547969818115234 5.909309892356691 18.08052980086104 
57.969749450683594 56.75022506713867 33.44804763793945 5.760440933755218 18.14652052755324 
57.96675491333008 56.752830505371094 33.34812927246094 5.643006392340744 18.096946087570675 
57.96376419067383 56.75543975830078 33.248207092285156 5.530289200787315 18.057682010455306 
57.96076965332031 56.7580451965332 33.148284912109375 5.423143971703238 18.129267587644772 
57.95777893066406 56.76065444946289 33.048362731933594 5.3352053220033815 18.197278943955194 
57.95478820800781 56.76325988769531 32.94844436645508 5.247496162025668 18.17040926298435 
57.9517936706543 56.765869140625 32.8485221862793 5.191716744999758 18.156467584889917 
57.94880294799805 56.76847457885742 32.748600006103516 5.137260049942087 18.174334566331638 
57.94580841064453 56.77108383178711 32.648677825927734 5.083956034987893 18.18530640209612 
57.94281768798828 56.77368927001953 32.54875946044922 4.895581025020561 18.196129231539608 
57.93982696533203 56.77629852294922 32.44883728027344 4.72706039871451 18.207040496849434 
57.936832427978516 56.77890396118164 32.348915100097656 4.573456454323246 18.217900415527048 
57.935306549072266 56.780235290527344 32.297943115234375 4.376910425680719 17.878041836093274 
57.929290771484375 56.77931213378906 32.19812774658203 4.271144331379851 17.88802881191053 
57.923274993896484 56.778385162353516 32.09831237792969 4.177617647107062 17.710094602217758 
57.917259216308594 56.777462005615234 31.998498916625977 4.108875465485406 17.778430126962455 
57.9112434387207 56.77653884887695 31.898685455322266 4.040943529142683 17.835703459248716 
57.90522766113281 56.775611877441406 31.798870086669922 3.985545633207503 17.884966546572073 
57.9003791809082 56.77486801147461 31.718446731567383 4.060539567258773 17.87628888370461 
57.895606994628906 56.77973937988281 31.61867904663086 3.981385215325312 17.881694070662032 
57.890838623046875 56.78461456298828 31.518911361694336 3.924520875987671 17.887172008918984 
57.88606643676758 56.789485931396484 31.419145584106445 3.868768492224086 17.89269192795022 
57.88129425048828 56.79435729980469 31.319377899169922 3.824020190109353 17.701848148315687 
57.876522064208984 56.79922866821289 31.2196102142334 3.777850451447692 17.74152719510491 
57.87175369262695 56.80410385131836 31.119842529296875 3.756195293516351 6.00573408795169 
57.866981506347656 56.80897521972656 31.020076751708984 3.736749555957786 5.830492382825382 
57.86247634887695 56.813575744628906 30.92586898803711 3.7084978979533822 5.802461839167338 
57.85970687866211 56.81764602661133 30.825990676879883 3.6989324980116374 11.439057411014932 
57.856937408447266 56.821720123291016 30.726112365722656 3.69129660026152 5.813491124777203 
57.85417175292969 56.82579040527344 30.626232147216797 3.684776542326476 11.434177363051509 
57.851402282714844 56.82986068725586 30.52635383605957 3.679340305049064 5.824511364342585 
57.8486328125 56.83393478393555 30.426475524902344 3.679710677332908 5.8527173499901615 
57.845863342285156 56.83800506591797 30.326597213745117 3.6897333638892746 11.403778254675531 
57.84309387207031 56.842079162597656 30.22671890258789 3.687258360419396 5.9225747614729665 
57.84072494506836 56.84556198120117 30.1412410736084 3.700692590282374 11.34453405474392 
57.83346939086914 56.85108184814453 30.041658401489258 3.714656275812515 6.157741860274434 
57.826210021972656 56.85660171508789 29.942073822021484 3.7311004780190173 6.248176734637789 
57.81895446777344 56.86212158203125 29.842491149902344 3.7560240379753562 6.334898175925264 
57.81169891357422 56.86764144897461 29.74290657043457 3.7841220965422617 6.407712722901605 
57.80589294433594 56.8720588684082 29.66324234008789 3.7743859302695153 6.683337865963841 
57.79791259765625 56.88083267211914 29.576255798339844 3.772961297845037 6.923977105290155 
57.79493713378906 56.89491653442383 29.477296829223633 3.7877181292034856 6.978470760596432 
57.7930908203125 56.90365982055664 29.415861129760742 3.8760946127882825 6.775517614709021 
57.78779983520508 56.91183853149414 29.31633758544922 3.9125836101137 6.832972157618063 
57.786800384521484 56.91337966918945 29.29756736755371 3.954651100462975 6.598161111583907 
57.77920150756836 56.91558837890625 29.1978816986084 4.006953447324858 6.662739867648569 
57.771602630615234 56.91779327392578 29.098194122314453 4.070496150373377 6.725756826820588 
57.76400375366211 56.92000198364258 28.99850845336914 4.143601505495484 6.775692208475682 
57.759124755859375 56.921417236328125 28.934528350830078 4.170911341744031 6.863085774083143 
57.74983215332031 56.92523193359375 28.835033416748047 4.242656802848694 6.915383376772198 
57.74138641357422 56.92870330810547 28.74457550048828 4.292814937098812 6.812528873551611 
57.733642578125 56.928077697753906 28.644878387451172 4.35813142994615 6.8591166923472855 
57.72589874267578 56.927452087402344 28.54517936706543 4.390009611569288 6.905716745155361 
57.71815872192383 56.92682647705078 28.44548225402832 4.421159504718757 6.9407620324788315 
57.71732711791992 56.9267578125 28.43478775024414 4.352658320871739 6.542837979099028 
57.70051193237305 56.91287612915039 28.337194442749023 4.414925651775047 6.587677971383848 
57.68369674682617 56.89899444580078 28.239601135253906 4.441590536651108 6.632688197408755 
57.6668815612793 56.88511276245117 28.142005920410156 4.4298749883813295 6.678133217806551 
57.65006637573242 56.87123107910156 28.04441261291504 4.422084673506809 6.724009556242292 
57.63325119018555 56.85734939575195 27.946819305419922 4.401292658108027 6.758587901129058 
57.61643600463867 56.843467712402344 27.849225997924805 4.367069103857185 6.7901255751858205 
57.613800048828125 56.84129333496094 27.83393669128418 4.293107398065994 12.4691610138649 
57.60954284667969 56.80130386352539 27.74237823486328 4.329113727571771 6.182719519063792 
57.605281829833984 56.761314392089844 27.650821685791016 4.369895064654471 6.179352183562965 
57.60102462768555 56.72132873535156 27.559263229370117 4.417984155393057 6.216196641666436 
57.59898376464844 56.702171325683594 27.515403747558594 4.35927556983468 6.255206435721459 
57.6027946472168 56.66284942626953 27.423538208007812 4.390283930997693 6.301775171862673 
57.60660171508789 56.6235237121582 27.331674575805664 4.419617518399752 6.342848239532652 
57.61041259765625 56.58420181274414 27.239809036254883 4.481604309992694 6.444463833470713 
57.61231231689453 56.561031341552734 27.179044723510742 4.530470100749762 6.430898063476201 
57.60201644897461 56.56499481201172 27.079654693603516 4.507891924022944 6.379985888817358 
57.59172058105469 56.5689582824707 26.98026466369629 4.485399549555264 6.329228867649913 
57.581424713134766 56.57292175292969 26.880876541137695 4.450200803024009 6.2774364377234235 
57.571128845214844 56.57688522338867 26.78148651123047 4.412716796805243 6.228783806848873 
57.56083297729492 56.580848693847656 26.682096481323242 4.375238728174771 6.190504761464928 
57.550537109375 56.58481216430664 26.582706451416016 4.337769521702944 6.154123983684167 
57.54306411743164 56.58768844604492 26.510568618774414 4.215386811958267 6.396510583382743 
57.537357330322266 56.58578109741211 26.471477508544922 4.265072153556459 6.150852897064918 
57.530025482177734 56.5882453918457 26.371776580810547 4.238422202473988 6.1154617611590245 
57.5226936340332 56.59070587158203 26.272077560424805 4.213720755921867 6.092410048419529 
57.515357971191406 56.593170166015625 26.17237663269043 4.19974735609469 6.055357060637282 
57.508026123046875 56.59563064575195 26.072675704956055 4.188390217770091 6.018011348367751 
57.500694274902344 56.59809494018555 25.97297477722168 4.179599538223356 5.980760197684403 
57.49336242675781 56.60055923461914 25.873275756835938 4.170885509201224 5.943579966326767 
57.48814392089844 56.60231018066406 25.80234146118164 4.163261265514832 5.742963143054072 
57.48828887939453 56.61423110961914 25.703054428100586 4.157439469973367 5.724861041025231 
57.488433837890625 56.626155853271484 25.60376739501953 4.1537062160550935 5.731930440758711 
57.488582611083984 56.63807678222656 25.50448226928711 4.152035023173117 5.739031285330257 
57.48869705200195 56.64754104614258 25.425674438476562 4.145131893714001 5.731654297252931 
57.483367919921875 56.65342330932617 25.325990676879883 4.147876284269999 5.733859192426225 
57.4780387878418 56.6593017578125 25.22630500793457 4.153997241883472 5.73609611233883 
57.47270584106445 56.665184020996094 25.12662124633789 4.165750365493723 5.738355611174066 
57.467376708984375 56.67106628417969 25.026935577392578 4.17610679199522 5.740640561453605 
57.4620475769043 56.67694854736328 24.9272518157959 4.186618306786004 5.7460431598089325 
57.45671844482422 56.68282699584961 24.82756805419922 4.197210457016487 5.788101717588281 
57.456199645996094 56.68339920043945 24.817888259887695 4.196573549152692 5.765416335347567 
57.45029830932617 56.68802261352539 24.718170166015625 4.223181223127535 5.805876355383585 
57.444393157958984 56.69264602661133 24.618452072143555 4.236289485428897 5.84703002133382 
57.44404983520508 56.69291687011719 24.612648010253906 4.232486719961152 5.766928724340296 
57.44061279296875 56.688236236572266 24.5128173828125 4.243183678832508 5.758412156645216 
57.437171936035156 56.68355941772461 24.41298484802246 4.265885465763662 5.749971040227004 
57.43373489379883 56.67887878417969 24.313154220581055 4.288976674773792 5.74418899288187 
57.4302978515625 56.67420196533203 24.21332359313965 4.313142701528798 5.773656548061297 
57.429161071777344 56.67265319824219 24.180316925048828 4.299753128310921 5.880455272136726 
57.42062759399414 56.67005157470703 24.08071517944336 4.31025079095046 5.933484418312894 
57.41209030151367 56.66745376586914 23.981115341186523 4.320840738390491 5.979368236699495 
57.40355682373047 56.664852142333984 23.881513595581055 4.3471734461333424 6.006813321341661 
57.39858627319336 56.66333770751953 23.82350730895996 4.423966362044001 6.080941903481661 
57.3930549621582 56.659271240234375 23.77288818359375 4.472051590035293 5.984551610465435 
57.38837814331055 56.64809036254883 23.673625946044922 4.529771801667218 6.013758038319201 
57.38370132446289 56.63691329956055 23.57436180114746 4.586578349820873 6.044117245020156 
57.379024505615234 56.625732421875 23.475099563598633 4.643114896906468 6.076638277669069 
57.374908447265625 56.61589431762695 23.38773536682129 4.625472987271658 6.085399953839187 
57.371734619140625 56.611087799072266 23.315244674682617 4.522443744557593 6.535005754179152 
57.368568420410156 56.644142150878906 23.220918655395508 4.489921237630963 6.565583251722579 
57.368263244628906 56.647335052490234 23.211807250976562 4.550095553758428 6.632034715786829 
57.36101150512695 56.682891845703125 23.118623733520508 4.511660462453965 6.6417901385022295 
57.353763580322266 56.71845245361328 23.025442123413086 4.477283594554015 6.645305714170555 
57.34651184082031 56.75400924682617 22.93225860595703 4.44822472097133 6.648819819936249 
57.339263916015625 56.78956604003906 22.839075088500977 4.41261562102615 6.652351546471455 
57.33201217651367 56.82512664794922 22.745893478393555 4.374200926948034 6.652867517196175 
57.33168029785156 56.826751708984375 22.74163055419922 4.441124244380126 6.395407262085067 
57.320281982421875 56.83234786987305 22.642440795898438 4.466162427120419 6.424889518170688 
57.30888366699219 56.83794403076172 22.543249130249023 4.4812716085068125 6.4542990826360835 
57.2974853515625 56.84354019165039 22.444059371948242 4.489715001172036 6.483669733090723 
57.292640686035156 56.845916748046875 22.401905059814453 4.481920941082102 6.427074249091944 
57.28828430175781 56.85184097290039 22.302175521850586 4.479728743564979 6.45241371042641 
57.28392791748047 56.85776138305664 22.20244598388672 4.477555164562961 6.477888037381708 
57.279571533203125 56.863685607910156 22.10271644592285 4.46905091123213 6.50555868681015 
57.27521514892578 56.86960983276367 22.002986907958984 4.444535359131846 6.5288540194242435 
57.27085876464844 56.87553405761719 21.90325927734375 4.4199927347494015 6.534815775019549 
57.266502380371094 56.88145446777344 21.803529739379883 4.395537944783819 6.538610714473554 
57.26214599609375 56.88737869262695 21.703800201416016 4.371055815774439 6.544720516270305 
57.257789611816406 56.89330291748047 21.60407066345215 4.2947469445752455 6.5458532196034405 
57.25343322753906 56.899227142333984 21.50434112548828 4.210158904157112 6.54104189508632 
57.249080657958984 56.905147552490234 21.404611587524414 4.141154640871748 6.531317207051572 
57.246490478515625 56.908668518066406 21.345355987548828 4.034712061497651 6.554769880799208 
57.247310638427734 56.90959167480469 21.245363235473633 3.995953851302867 6.5538261789039405 
57.24812698364258 56.91051483154297 21.145370483398438 3.9577430946562315 6.547967792012449 
57.24894714355469 56.911434173583984 21.045379638671875 3.920177674304765 6.536183648374803 
57.24976348876953 56.912357330322266 20.94538688659668 3.8981641854474915 6.520474217651479 
57.24980545043945 56.91240310668945 20.94043731689453 3.9323937970486607 6.3680713387097905 
57.244651794433594 56.91798782348633 20.840726852416992 3.897010879167336 6.318008634302283 
57.239498138427734 56.92356872558594 20.741016387939453 3.863990630859617 6.265428457574592 
57.23434829711914 56.92915344238281 20.64130401611328 3.84684338241295 6.2148132300781285 
57.22919464111328 56.93473815917969 20.541593551635742 3.832726665315551 6.139742261704374 
57.22404098510742 56.94032287597656 20.441883087158203 3.817830306751607 6.06269341226156 
57.21888732910156 56.94590377807617 20.342172622680664 3.8027291430684875 5.983795442954272 
57.2137336730957 56.95148849487305 20.242460250854492 3.7898394982399486 5.903140069714135 
57.208580017089844 56.95707321166992 20.142749786376953 3.7872293350445236 5.823426948477385 
57.20343017578125 56.96265411376953 20.043039321899414 3.7870589439986038 5.743885147545088 
57.19904708862305 56.967403411865234 19.958255767822266 3.7991727595475453 6.1650225784015475 
57.20177459716797 56.966941833496094 19.858293533325195 3.8034787050194265 6.0711273486886865 
57.204505920410156 56.96648025512695 19.758333206176758 3.8077906163886426 5.9751312438751425 
57.20723342895508 56.96602249145508 19.658370971679688 3.8120874974910004 6.042293765722563 
57.20810317993164 56.96587371826172 19.626482009887695 3.834257813331342 5.988517797303208 
57.211116790771484 56.97270584106445 19.526762008666992 3.845247112368088 6.050711060380852 
57.21413040161133 56.97954177856445 19.427040100097656 3.856302148802941 6.114821103547949 
57.21714401245117 56.98637390136719 19.327320098876953 3.8673792991289795 6.178939226058729 
57.220157623291016 56.99320983886719 19.227598190307617 3.893965408822556 6.24317786759556 
57.22270202636719 56.99898147583008 19.143352508544922 3.9648942605737303 6.059740193790033 
57.214569091796875 57.00324630737305 19.04377555847168 4.0112300011519295 6.117908094402757 
57.20643997192383 57.00751495361328 18.944196701049805 4.057715906473009 6.165556142971874 
57.198307037353516 57.01177978515625 18.844619750976562 4.104283848170048 6.21139815462003 
57.19017791748047 57.016048431396484 18.74504280090332 4.150897927467028 6.250353249446266 
57.182044982910156 57.02031326293945 18.645465850830078 4.2124974668483475 6.289236728311342 
57.17391586303711 57.02458190917969 18.545886993408203 4.276066666009891 6.320085864735804 
57.170955657958984 57.0261344909668 18.509645462036133 4.278832644149814 6.489846252146764 
57.1731071472168 57.02594757080078 18.40966796875 4.330027986931895 6.510166966280229 
57.17525863647461 57.025760650634766 18.3096923828125 4.380579123268302 6.530422709342286 
57.17573928833008 57.025718688964844 18.287302017211914 4.407708321420284 6.514357193252183 
57.17822265625 57.032386779785156 18.18755531311035 4.459386259637317 6.53340408824531 
57.180702209472656 57.039058685302734 18.08780860900879 4.499052334851655 6.5525847698221 
57.18318557739258 57.04572677612305 17.988061904907227 4.53871652241346 6.550131277284056 
57.18520736694336 57.0511589050293 17.906829833984375 4.60091957070137 6.500861471325304 
57.17745590209961 57.05540466308594 17.807220458984375 4.627509587868397 6.510484746545805 
57.169700622558594 57.05964660644531 17.707612991333008 4.6556648838755565 6.520146256305699 
57.161949157714844 57.06389236450195 17.608003616333008 4.669007271995232 6.529781824509146 
57.15419387817383 57.06813430786133 17.50839614868164 4.664797793659293 6.539455826506155 
57.14644241333008 57.07238006591797 17.40878677368164 4.6606138226612694 6.53280057976333 
57.13868713378906 57.07662582397461 17.30917739868164 4.656448318446625 6.519121959224475 
57.13588333129883 57.07815933227539 17.27314567565918 4.427357627280648 6.344939961819493 
57.153602600097656 57.10997009277344 17.180009841918945 4.433421204719934 6.335353504320235 
57.161582946777344 57.124298095703125 17.13805389404297 4.667795664215859 6.363623336868918 
57.16332244873047 57.12425231933594 17.04970932006836 4.650692323936163 6.387736417166586 
57.16320037841797 57.12861633300781 16.949804306030273 4.628618052842651 6.36514085685512 
57.163082122802734 57.13297653198242 16.849899291992188 4.606483300007424 6.345601237871828 
57.162960052490234 57.1373405456543 16.7499942779541 4.583810695497004 6.329592554102505 
57.162841796875 57.14170455932617 16.65009117126465 4.538651308215685 6.313680141755754 
57.1627197265625 57.14606857299805 16.550186157226562 4.4934818357570805 6.297700052127948 
57.162601470947266 57.150428771972656 16.450281143188477 4.448176348628183 6.281844444935159 
57.162479400634766 57.15479278564453 16.35037612915039 4.402682048524742 6.244386480597919 
57.16236114501953 57.159156799316406 16.250471115112305 4.3575696498049465 6.204600673045916 
57.16223907470703 57.16352081298828 16.15056610107422 4.315997240199386 6.1646128008008825 
57.1621208190918 57.16788101196289 16.050662994384766 4.289306242681142 6.124880892123188 
57.1619987487793 57.172245025634766 15.95075798034668 4.262654069449338 6.081497081635029 
57.16195297241211 57.17391586303711 15.912506103515625 4.233277039172632 6.007109913274098 
57.16328048706055 57.17649459838867 15.812548637390137 4.2054958742407464 5.961467408493231 
57.16461181640625 57.1790771484375 15.712590217590332 4.187975126235589 5.914490762673102 
57.16593933105469 57.18165588378906 15.612632751464844 4.181190924258399 5.86496337139186 
57.167152404785156 57.18400955200195 15.521463394165039 4.172977670060589 5.835170088105347 
57.16973876953125 57.19036102294922 15.421698570251465 4.171606211080671 5.809075399844201 
57.172325134277344 57.19671630859375 15.321934700012207 4.1701990499828305 5.782932500545821 
57.17378234863281 57.200294494628906 15.265741348266602 4.16895092696963 5.8449519687962495 
57.173072814941406 57.21082305908203 15.166299819946289 4.164289764753574 5.813895516929629 
57.172359466552734 57.221351623535156 15.066858291625977 4.159642924859276 5.782708146921908 
57.17164993286133 57.23188018798828 14.967416763305664 4.154983777733295 5.751652551898728 
57.170936584472656 57.242408752441406 14.867975234985352 4.150338818393805 5.72598184633812 
57.17022705078125 57.25293731689453 14.768532752990723 4.152505426497225 5.7523045236383314 
57.16951370239258 57.263465881347656 14.66909122467041 4.158561175987219 5.778778712753536 
57.16880416870117 57.27399826049805 14.569649696350098 4.169118589082924 5.845722898268881 
57.16855239868164 57.2776985168457 14.534685134887695 4.158134402814413 6.229599980060809 
57.17304992675781 57.30052947998047 14.437430381774902 4.158051277741982 6.306302620493462 
57.17755126953125 57.323360443115234 14.34017562866211 4.1560036165998415 6.3834334117332565 
57.18204879760742 57.34619140625 14.242920875549316 4.1595764252288125 6.443672611395612 
57.186546325683594 57.369022369384766 14.145666122436523 4.163470950010879 6.504326884363918 
57.191043853759766 57.3918571472168 14.04841136932373 4.167476000242922 6.558893168363221 
57.1955451965332 57.41468811035156 13.951156616210938 4.171623756609721 6.59712606157045 
57.196041107177734 57.417213439941406 13.94039535522461 4.202432474421913 6.350190627625638 
57.19099426269531 57.43869400024414 13.842860221862793 4.21788319779765 6.409695182732858 
57.185951232910156 57.460174560546875 13.745325088500977 4.23106500612826 6.4587743967204 
57.180904388427734 57.48165512084961 13.64778995513916 4.2418799228427915 6.5082221151922495 
57.17585754394531 57.50313949584961 13.550254821777344 4.254115818522507 6.551346893708697 
57.17081069946289 57.524620056152344 13.452719688415527 4.260102402799034 6.5847106908674 
57.1690559387207 57.5320930480957 13.418782234191895 4.243033441782786 6.262281297312526 
57.15195083618164 57.547916412353516 13.345535278320312 4.27122688951517 6.197826817494716 
57.13169860839844 57.562835693359375 13.248750686645508 4.28340546212782 6.257096190731517 
57.11630630493164 57.57417297363281 13.175187110900879 4.289609371462102 6.310010718211002 
57.098182678222656 57.58830261230469 13.077863693237305 4.301402033799201 6.353200517887761 
57.08005905151367 57.6024284362793 12.980539321899414 4.322707834997047 6.396835001988417 
57.06193542480469 57.61655807495117 12.88321590423584 4.354069376190116 6.428613580362888 
57.05284881591797 57.62364196777344 12.834423065185547 4.414601871180845 6.324004171146767 
57.034175872802734 57.63113021850586 12.736467361450195 4.435167850556329 6.361925565600754 
57.015506744384766 57.638614654541016 12.638511657714844 4.455920768680252 6.398823168135144 
56.99683380126953 57.64610290527344 12.540555953979492 4.476734609838012 6.4253032509450225 
56.99102020263672 57.648433685302734 12.510047912597656 4.400176234279885 7.205533583848793 
56.98308563232422 57.68552017211914 12.417519569396973 4.385363693165034 7.266666184117366 
56.975154876708984 57.72261047363281 12.324990272521973 4.3711384919315615 7.32754984060916 
56.967220306396484 57.75969696044922 12.232461929321289 4.355106757292534 7.358464399343175 
56.960330963134766 57.791900634765625 12.152120590209961 4.41085803421188 7.431328641290055 
56.96005630493164 57.799373626708984 12.052400588989258 4.425145623924553 7.49260816345187 
56.959781646728516 57.80685043334961 11.952680587768555 4.439487636078363 7.520236430945336 
56.95950698852539 57.81432342529297 11.852960586547852 4.453796762827988 7.518561250151533 
56.95923614501953 57.821800231933594 11.753241539001465 4.463082950633367 7.516909649284029 
56.95915603637695 57.823936462402344 11.724729537963867 4.400086641962679 7.518342574436518 
56.95860290527344 57.8245849609375 11.624732971191406 4.385396620585581 7.515537739730677 
56.95836639404297 57.824859619140625 11.582066535949707 4.395867397059897 7.521154915826752 
56.95491409301758 57.83013153076172 11.48226547241211 4.380150424083442 7.516038403807002 
56.95146560668945 57.83539962768555 11.382463455200195 4.349801823653069 7.510950982012464 
56.94801330566406 57.84067153930664 11.282662391662598 4.313652739962903 7.505849704620335 
56.94456100463867 57.84593963623047 11.182861328125 4.278949775691866 7.493522582493898 
56.94111251831055 57.85121154785156 11.083059310913086 4.245439670289996 7.479191260196715 
56.937660217285156 57.85647964477539 10.983258247375488 4.213434536045507 7.466229915742875 
56.934207916259766 57.861751556396484 10.88345718383789 4.17713406947589 7.454707867777056 
56.930755615234375 57.86701965332031 10.783655166625977 4.129372313033374 7.4221141391860455 
56.92730712890625 57.872291564941406 10.683854103088379 4.08050962778502 7.377585581956326 
56.92385482788086 57.877559661865234 10.584053039550781 4.0389061362596435 7.333110183246143 
56.92040252685547 57.88283157348633 10.484251022338867 4.009520169215515 7.300783254386883 
56.918373107910156 57.88593292236328 10.425518989562988 3.9356789554660634 7.095042556173391 
56.92020034790039 57.886253356933594 10.354140281677246 3.956764662076282 7.119049180066632 
56.919254302978516 57.89265060424805 10.254349708557129 3.932317161796473 7.08290052067862 
56.918304443359375 57.8990478515625 10.154559135437012 3.923919030918059 6.623680891297323 
56.9173583984375 57.90544128417969 10.054768562316895 3.9155819702421493 6.489118228050596 
56.916412353515625 57.91183853149414 9.954977035522461 3.9073508222243944 7.181829648592973 
56.915462493896484 57.918235778808594 9.855186462402344 3.8992126711297286 7.2136090350998785 
56.91451644897461 57.92463302612305 9.755395889282227 3.897126100467786 7.245288079543952 
56.913570404052734 57.931026458740234 9.65560531616211 3.905866631106469 7.27691993676495 
56.912620544433594 57.93742370605469 9.555814743041992 3.914425712133635 7.436099148448578 
56.91167449951172 57.94382095336914 9.456024169921875 3.923002120739249 7.4893314404124025 
56.910728454589844 57.950218200683594 9.356232643127441 3.9315991513938195 7.54252172051111 
56.9097785949707 57.95661163330078 9.256442070007324 3.952069806567181 7.596380155029688 
56.90948486328125 57.9586067199707 9.225337982177734 3.9399482167269144 7.774221828323274 
56.91299819946289 57.959938049316406 9.133240699768066 3.9687629024636517 8.010237770771825 
56.921443939208984 57.96366500854492 9.03366756439209 3.9983302840309705 8.023666060485342 
56.92988586425781 57.96739196777344 8.934094429016113 4.0278906720836325 8.037603847678511 
56.938331604003906 57.97111511230469 8.834521293640137 4.057586334179281 8.073559831622687 
56.946773529052734 57.9748420715332 8.73494815826416 4.055279626293104 8.138567282473002 
56.95521926879883 57.97856903076172 8.635375022888184 4.06316228843341 8.203221510800924 
56.963661193847656 57.982295989990234 8.535801887512207 4.071075640800761 8.276585708469856 
56.97210693359375 57.986019134521484 8.43622875213623 4.079065713206137 8.44130440586324 
56.98054885864258 57.98974609375 8.336655616760254 4.08708605039832 8.606918558772335 
56.98899459838867 57.993473052978516 8.237082481384277 4.108087477685468 8.340458204128401 
56.9974365234375 57.99720001220703 8.1375093460083 4.131662424147329 8.495494278667717 
